2
60 200 30
13 24
54 42
6 5
48 53
53 5
16 13
15 59
12 57
35 6
3 53
40 35
2 24
35 31
27 17
33 49
45 25
43 30
37 8
8 38
16 53
47 38
49 47
22 39
4 45
30 26
18 28
56 16
47 55
51 39
58 35
3 33
19 32
53 29
55 20
8 32
11 3
3 11
26 11
52 18
9 5
5 10
40 3
17 18
35 3
57 10
48 4
27 5
27 11
38 37
19 25
24 12
38 7
41 30
40 30
25 20
16 17
55 3
40 27
14 29
54 5
21 47
19 31
50 8
23 42
60 45
21 35
33 22
12 1
53 15
46 44
4 38
8 49
42 12
43 36
29 7
53 1
50 23
42 54
60 3
13 17
41 54
26 18
35 33
42 26
10 23
37 10
2 36
26 29
40 46
11 39
20 13
35 56
50 41
46 56
33 50
12 28
14 11
41 34
26 36
33 42
3 42
3 57
28 33
18 45
58 42
60 58
52 8
47 42
26 53
12 56
44 15
55 53
58 3
45 52
42 25
7 15
50 6
51 38
25 53
16 32
4 51
13 48
17 11
22 18
6 33
6 21
42 31
4 7
21 31
34 55
13 51
18 12
42 14
26 5
49 15
14 59
25 55
59 36
10 16
31 50
29 18
36 18
43 16
46 25
52 12
2 49
53 50
16 50
9 6
3 20
33 39
13 52
24 14
57 44
15 23
18 33
17 49
7 52
28 23
18 46
21 6
41 19
12 18
21 34
37 59
27 26
6 51
12 24
14 51
7 41
33 57
41 57
27 32
20 31
41 1
51 41
22 47
17 14
36 36
36 3
25 5
32 13
2 16
48 39
46 32
13 22
6 60
42 50
20 10
55 39
58 46
33 8
29 11
30 52
17 22
1 21
44 57
51 16
32 23
7 44
100
9 27
16 39
10 34
28 25
11 36
6 36
19 34
20 30
28 44
18 40
2 34
24 20
20 35
25 21
5 30
29 16
14 24
7 27
4 22
17 20
16 42
2 44
15 17
18 33
14 17
16 25
13 21
11 21
28 29
12 29
1 23
2 19
30 39
8 33
8 35
26 18
29 23
2 43
30 26
10 33
15 42
28 23
15 45
27 28
1 43
6 43
3 31
12 41
4 40
8 25
15 36
27 22
24 16
30 32
13 33
4 21
20 26
14 33
27 38
19 42
3 26
13 43
20 17
11 25
17 33
21 42
20 20
21 32
6 26
14 34
9 45
28 37
29 30
21 40
1 32
3 33
15 22
15 44
20 29
21 23
19 45
29 36
30 45
23 26
6 23
15 18
13 41
14 29
17 31
17 45
7 37
17 23
22 23
23 27
8 31
10 42
23 33
30 38
21 41
16 37
