2
400 6000 300
15 129
152 158
249 338
374 380
313 102
384 35
373 188
337 17
40 242
72 156
282 63
69 46
33 49
135 291
24 235
164 81
47 87
88 152
291 354
386 361
143 264
59 347
307 365
104 268
69 95
258 181
213 264
196 258
166 248
133 32
377 146
311 167
203 390
191 42
115 383
262 172
117 397
175 262
282 294
10 55
131 296
216 219
124 83
224 286
62 325
34 259
327 373
154 384
285 196
343 381
225 65
76 317
145 28
150 59
241 157
159 57
43 262
387 373
356 6
145 349
161 79
292 292
105 299
131 341
189 314
342 24
6 303
170 291
301 396
182 195
113 75
159 315
244 191
297 123
103 122
287 117
199 128
356 156
296 140
315 142
33 369
340 4
120 371
393 247
384 295
360 165
96 329
17 356
6 333
290 54
332 152
113 190
345 303
186 387
155 111
186 274
371 32
315 328
210 36
224 128
291 260
292 42
376 301
14 269
394 150
136 126
155 246
224 257
254 84
334 288
154 30
23 122
283 126
322 141
25 234
153 103
77 315
2 233
209 273
398 398
231 324
385 138
365 157
260 230
15 167
104 43
141 176
12 157
239 21
208 299
231 365
266 227
294 164
105 59
33 155
57 142
309 382
311 99
329 70
261 212
211 64
351 174
141 94
239 212
9 204
174 393
35 197
124 318
22 359
35 312
130 229
311 261
141 268
272 289
263 200
234 164
50 135
220 142
161 62
224 11
36 128
357 362
55 45
102 236
310 391
28 5
319 173
38 310
148 331
160 26
365 269
372 356
39 118
82 25
274 44
141 58
202 279
230 325
323 74
269 11
171 400
197 293
10 347
40 147
237 121
154 166
132 104
210 287
392 44
231 359
337 238
279 112
295 327
29 380
264 125
388 285
9 157
55 268
48 218
11 142
290 260
64 163
24 301
259 1
247 104
248 305
320 275
86 24
261 263
307 24
381 141
17 72
138 147
361 338
169 304
216 364
346 196
279 297
97 147
176 288
59 259
349 237
357 340
338 23
298 320
398 386
251 291
111 37
356 269
292 111
77 149
310 70
62 144
41 112
310 258
143 21
206 373
63 228
121 104
372 390
191 233
344 192
250 166
115 61
49 321
127 59
211 226
78 164
150 129
397 352
193 372
74 153
214 85
197 351
388 168
387 253
76 251
137 236
226 351
343 38
87 247
98 286
117 159
198 302
74 318
44 257
344 382
377 354
300 108
135 277
238 251
376 292
344 158
39 140
363 86
98 314
62 200
245 128
41 99
280 284
17 384
317 235
164 75
18 346
264 65
206 141
318 234
393 100
141 313
332 330
380 66
44 47
288 236
353 25
168 118
124 263
84 207
104 294
61 224
63 360
193 381
384 113
382 285
256 51
129 85
272 61
303 348
45 47
260 186
285 241
249 18
360 5
300 242
197 139
43 200
103 179
96 327
392 360
116 299
309 107
125 249
57 189
122 75
222 273
129 122
17 113
310 285
182 160
271 81
205 240
85 25
323 373
334 344
155 250
345 124
190 338
265 286
369 33
102 151
359 365
400 294
134 239
309 399
142 94
229 197
279 334
5 347
106 21
321 184
51 14
165 137
101 338
173 252
31 147
43 138
334 11
329 52
67 85
175 97
22 153
24 230
385 104
228 219
289 302
167 350
239 138
338 241
192 10
380 218
112 218
221 51
227 156
192 281
76 106
264 200
126 299
290 214
114 325
58 15
328 131
368 258
369 215
123 137
283 96
94 94
350 31
187 236
392 311
198 325
212 180
140 115
289 93
387 368
15 332
162 169
108 174
197 64
257 278
42 129
231 391
400 360
366 210
97 273
206 156
348 175
191 356
248 257
23 212
70 18
82 133
135 161
391 344
174 129
344 370
374 1
202 311
199 30
70 11
373 311
238 276
154 65
84 4
118 236
56 359
84 230
145 264
398 47
255 296
131 349
142 49
328 289
220 215
109 153
78 113
338 151
144 359
137 50
141 12
301 347
238 14
180 3
6 315
1 171
301 87
349 316
362 267
7 9
359 336
185 241
176 221
301 9
236 204
96 90
240 195
118 294
336 130
158 97
199 137
87 157
312 188
147 55
22 233
75 193
81 249
35 143
50 294
208 85
106 348
343 144
134 322
311 37
5 203
26 376
364 136
232 46
298 272
125 324
40 115
156 289
35 267
340 265
94 85
226 260
305 270
167 302
342 225
123 112
86 32
209 32
111 241
269 324
313 155
164 44
73 336
307 193
21 46
227 89
234 1
123 28
234 155
102 219
58 119
119 144
75 394
170 193
118 139
93 265
206 292
319 40
113 9
7 185
127 313
200 53
398 211
324 39
349 363
63 383
8 316
229 299
252 336
222 83
171 142
128 19
273 148
358 399
24 374
369 193
393 5
12 103
292 370
84 283
258 229
103 51
121 250
44 298
384 283
20 94
116 388
95 92
266 194
194 104
101 126
327 162
314 233
22 309
83 359
19 306
289 225
360 237
133 310
116 278
224 131
196 250
314 67
337 298
256 39
218 45
50 217
19 50
204 46
238 313
178 218
74 99
289 168
345 230
212 379
326 53
181 351
198 271
52 163
398 7
269 139
166 5
5 192
269 299
261 235
77 186
186 306
320 5
60 114
18 278
365 94
249 257
213 87
83 182
28 317
47 234
279 148
319 232
311 251
267 131
206 201
234 64
355 344
157 146
88 390
316 166
170 122
389 272
200 260
18 165
72 393
283 11
87 237
299 78
111 385
199 388
46 15
285 19
69 307
281 129
318 108
305 245
243 28
344 62
315 342
385 46
330 50
341 44
181 223
119 11
9 325
207 390
46 251
343 364
317 42
165 95
384 386
251 375
170 139
27 92
135 31
271 356
244 215
312 218
210 147
53 32
71 77
135 214
150 160
371 139
48 389
23 83
219 78
64 281
226 199
27 359
45 282
138 261
306 50
90 46
380 162
35 249
219 134
95 214
172 282
207 247
155 122
218 161
70 298
295 323
260 55
30 279
325 109
330 150
59 251
385 193
330 148
119 45
284 295
207 159
297 81
84 360
277 145
71 162
297 189
74 380
214 163
252 3
104 130
326 146
344 26
358 26
372 81
233 133
291 280
175 56
355 221
297 375
150 306
22 158
141 126
159 61
163 67
191 131
349 192
343 255
192 167
161 290
339 305
307 217
391 321
358 58
292 167
216 12
6 6
63 364
217 23
351 29
304 159
366 64
44 239
101 341
299 314
329 337
398 61
76 352
400 234
302 252
196 245
279 382
238 227
74 101
117 383
82 373
135 111
80 114
13 150
24 397
353 60
184 190
270 155
107 291
326 283
237 39
362 352
128 86
197 66
318 96
217 382
192 269
143 379
158 64
297 303
136 335
107 307
100 81
281 229
73 73
274 348
380 354
270 49
105 252
67 204
116 54
302 92
352 188
48 267
112 275
311 209
300 258
272 345
374 51
105 353
318 363
75 325
371 310
8 126
59 327
289 135
372 382
331 385
43 122
163 232
174 210
384 309
349 63
56 308
54 12
294 233
386 48
90 127
233 395
208 209
205 351
70 205
246 1
313 229
377 288
159 104
191 310
219 209
19 333
60 318
76 19
342 371
92 241
5 112
376 200
351 257
201 189
74 340
146 199
399 96
338 262
109 340
236 55
336 318
246 213
115 141
192 1
259 169
389 213
38 225
198 326
125 389
133 329
230 150
239 7
21 155
46 307
307 5
366 268
327 340
142 302
245 395
9 158
196 130
166 21
69 123
348 348
64 295
362 250
193 58
342 234
83 236
357 112
379 113
123 173
169 347
82 225
170 79
18 86
213 153
232 212
130 83
82 398
352 121
179 72
191 23
210 108
398 357
13 34
171 243
45 76
316 262
107 273
317 210
100 269
90 280
265 150
368 19
234 114
335 269
69 215
146 295
329 4
98 345
255 110
360 86
219 61
226 84
96 9
88 346
194 111
31 171
64 376
269 51
225 331
14 143
333 257
215 145
16 218
57 36
283 207
24 285
332 40
301 355
207 367
57 305
132 308
234 345
83 209
131 283
334 97
327 86
310 221
230 142
128 184
43 383
200 204
389 65
103 243
165 397
274 139
231 126
259 324
373 219
108 219
136 228
185 332
384 395
261 275
38 326
128 260
128 194
207 61
229 90
196 72
145 215
224 373
235 154
262 87
118 361
354 93
85 70
282 148
130 294
276 172
144 48
392 376
287 100
295 154
304 367
220 158
139 348
177 325
317 76
6 389
213 266
94 31
1 168
74 130
181 94
42 110
236 229
145 91
33 94
56 42
32 72
262 365
377 386
286 339
341 253
201 326
108 86
231 249
326 355
352 220
352 268
271 274
226 236
17 165
14 87
171 168
380 94
122 220
132 145
126 71
363 117
106 387
49 198
229 147
154 238
388 267
269 7
76 128
73 238
387 222
382 152
118 185
171 361
240 21
276 98
106 330
118 379
350 130
158 66
80 5
102 66
31 216
386 232
24 257
395 114
12 285
89 217
307 102
310 272
241 95
384 141
24 2
368 151
15 13
121 49
241 87
2 391
8 41
232 118
347 251
126 17
358 44
326 33
170 39
261 204
356 2
370 329
178 393
255 227
356 122
235 28
223 274
342 244
391 120
39 330
206 328
155 306
104 387
191 376
2 132
304 372
130 166
48 207
224 389
380 100
309 147
91 74
338 124
298 226
229 27
38 92
88 46
90 350
10 183
163 69
238 65
18 179
339 310
248 160
158 309
250 206
291 148
259 350
261 248
185 236
335 19
209 151
258 221
373 4
352 342
69 51
152 315
220 98
163 231
196 288
31 332
108 53
169 306
249 177
81 94
299 354
136 215
114 265
109 102
176 383
153 268
337 260
87 25
216 9
312 185
12 143
53 321
83 271
230 123
173 379
388 190
20 84
250 242
242 366
209 82
212 321
252 2
206 98
1 307
31 337
281 149
262 340
137 301
389 244
82 199
117 150
71 366
379 300
125 185
25 109
279 24
248 35
194 272
148 211
206 146
296 67
367 19
12 375
147 39
284 188
37 160
267 24
369 294
248 1
377 23
160 302
359 97
164 139
292 396
28 65
72 270
27 85
307 218
389 32
299 377
207 383
7 187
134 395
76 223
115 59
357 321
270 297
377 212
256 147
360 289
237 339
149 110
81 209
203 290
314 70
297 328
71 277
79 355
159 198
270 305
309 338
155 338
107 134
212 122
325 273
150 149
63 128
79 75
161 221
95 341
2 4
196 47
235 182
38 157
109 352
16 35
5 174
97 288
15 365
66 219
122 31
152 369
122 242
284 381
147 275
361 329
261 159
341 163
339 378
308 84
216 227
202 13
124 200
144 211
371 390
121 366
71 228
292 332
359 176
244 347
32 314
15 38
299 112
263 73
105 374
164 185
129 310
128 5
110 329
354 139
180 375
164 111
13 338
225 237
287 121
74 213
349 287
41 41
304 11
229 243
359 193
229 365
396 337
184 219
297 46
356 219
366 369
149 352
346 188
392 10
290 349
338 228
380 297
133 169
7 269
362 332
375 209
181 241
18 336
122 126
73 326
384 60
267 27
198 226
310 112
308 324
287 71
322 56
100 72
398 217
225 241
186 223
32 350
149 319
36 153
139 31
135 324
15 77
312 48
142 256
105 207
89 27
54 209
347 334
132 165
185 297
240 178
153 91
275 97
183 33
132 74
232 11
238 141
349 85
179 323
154 117
370 371
327 352
277 376
279 354
238 115
264 205
19 62
74 145
151 1
339 222
107 152
98 134
117 324
50 246
112 337
210 22
292 56
67 143
167 294
145 45
68 109
341 85
283 185
154 232
42 22
256 328
138 208
125 43
92 362
218 398
150 259
93 316
281 70
243 351
293 82
49 262
287 345
266 248
289 140
3 279
259 183
53 216
25 137
227 195
348 359
205 150
30 210
340 142
152 21
160 185
182 339
142 166
166 129
189 30
252 304
283 151
26 142
219 374
126 13
267 53
316 116
131 165
14 388
144 390
233 14
161 212
162 51
33 292
193 60
199 160
117 235
379 191
343 354
250 313
67 163
28 393
37 199
51 132
96 210
279 153
101 151
224 57
386 217
51 217
265 274
288 22
322 375
395 248
291 171
42 170
95 258
15 393
29 9
359 266
27 341
241 369
371 105
195 400
333 317
42 157
16 55
269 10
387 378
325 81
259 336
91 356
220 138
126 179
117 368
24 228
248 246
139 77
227 80
347 182
206 103
253 239
15 60
253 350
362 76
150 236
173 164
126 160
251 359
368 171
326 334
30 166
2 367
150 169
8 194
164 158
297 383
89 86
52 92
299 378
186 278
45 52
287 62
304 126
339 22
377 283
386 347
213 37
361 325
187 183
394 93
353 108
321 207
306 104
264 32
190 166
73 33
34 113
210 293
153 390
333 303
51 41
336 16
342 200
163 16
114 382
144 90
137 9
240 285
191 189
291 15
206 265
192 389
253 267
190 81
98 368
305 251
134 143
154 308
376 231
72 278
308 165
292 16
309 219
364 369
312 333
45 306
324 45
198 73
87 330
107 171
258 197
375 322
248 148
182 144
3 122
338 194
88 230
268 232
348 347
94 388
246 96
238 353
342 153
101 150
391 182
112 235
114 59
87 315
291 80
237 107
175 249
296 314
54 40
209 185
166 17
80 239
285 67
31 389
6 168
327 200
8 251
105 367
110 331
135 366
69 268
65 199
215 323
123 284
171 37
99 5
383 48
276 49
244 169
393 89
378 198
310 251
142 189
340 357
194 125
332 384
60 251
54 384
225 207
18 25
196 96
6 228
265 317
329 386
239 222
399 288
237 186
22 363
252 170
65 70
342 318
51 314
381 318
159 78
319 84
173 327
72 328
47 97
184 332
373 95
295 58
333 383
87 202
127 369
393 104
232 266
34 230
54 164
95 109
292 296
6 346
37 271
319 391
54 213
307 215
335 79
324 342
235 14
78 160
25 293
189 289
385 312
94 349
203 101
58 209
188 327
176 185
130 56
194 51
211 311
115 52
49 203
63 251
32 391
204 131
219 382
288 332
84 216
291 395
267 118
358 384
368 370
196 57
140 43
40 294
157 336
31 397
49 218
79 175
374 95
72 154
318 341
234 160
344 227
104 152
381 94
108 20
105 163
378 19
91 383
233 87
350 39
191 265
40 101
300 91
323 321
235 335
331 65
68 247
199 33
358 204
219 70
83 83
125 47
379 189
310 381
110 78
332 149
76 208
30 20
15 56
336 131
220 345
135 106
390 184
135 297
323 368
91 373
19 87
308 112
334 256
199 237
333 130
368 130
77 74
363 366
207 109
84 333
67 352
317 10
326 11
161 356
313 26
342 292
181 262
88 382
123 341
33 29
242 389
298 79
55 188
356 305
361 40
265 60
228 7
302 248
236 122
288 324
388 171
63 58
383 224
171 290
86 33
159 166
57 375
187 135
121 325
103 382
245 172
340 101
355 57
69 199
242 210
350 276
349 177
252 266
35 47
245 193
229 21
97 389
239 175
105 122
218 274
15 27
337 256
302 243
259 9
340 352
377 148
317 228
281 334
129 366
266 162
161 360
296 331
254 290
26 54
155 352
66 155
356 208
21 28
239 318
236 367
321 107
394 169
148 91
207 28
8 350
156 162
312 177
232 314
239 214
19 211
186 1
329 247
383 309
137 298
382 158
150 162
151 48
333 345
348 240
56 128
24 161
371 375
33 323
158 379
314 183
98 127
60 213
135 350
308 47
371 124
169 315
91 375
122 91
332 285
61 101
314 289
230 168
308 278
377 174
399 386
315 229
115 25
4 287
48 166
230 46
396 1
135 104
169 360
364 201
355 1
37 310
268 190
394 386
119 337
84 275
145 243
335 23
342 288
254 244
19 53
256 253
376 125
2 332
209 215
149 28
277 172
17 310
46 288
266 159
170 103
17 95
177 298
15 37
270 249
342 212
328 338
117 342
308 73
27 193
269 238
234 351
38 362
308 55
204 5
275 222
58 216
359 192
195 5
161 96
219 262
353 156
166 260
235 5
230 89
95 301
223 103
169 130
381 218
118 90
136 268
328 223
247 280
171 205
227 369
73 393
93 131
107 5
371 42
146 385
303 322
37 324
16 127
331 60
285 382
91 2
135 188
2 193
350 69
181 56
71 63
13 249
286 150
22 78
369 115
263 270
197 222
234 78
136 214
286 207
301 134
352 205
201 173
233 153
77 42
72 57
181 71
130 190
384 360
7 55
98 115
103 372
374 290
340 125
104 391
249 323
2 175
283 391
133 331
288 315
234 363
14 118
217 379
388 380
218 210
95 28
155 296
246 187
353 201
310 2
258 248
165 116
339 389
33 51
109 289
233 355
245 130
159 14
140 162
60 393
260 381
164 87
373 363
108 189
270 170
361 342
186 216
7 175
89 55
378 298
350 184
326 23
85 377
310 294
113 319
230 129
273 15
183 275
33 33
149 14
260 178
200 136
129 105
392 278
12 172
324 60
214 4
341 3
311 303
158 204
75 196
39 85
123 332
155 281
398 159
334 396
15 172
83 200
337 78
60 81
144 171
67 240
298 126
314 366
302 24
254 287
371 178
49 17
28 22
295 325
202 319
321 285
179 222
9 71
178 46
269 73
271 251
399 157
33 110
348 383
400 236
332 85
320 368
10 238
379 69
244 270
142 249
261 121
87 223
17 157
221 307
193 21
224 211
80 188
211 236
4 335
33 102
298 86
91 100
80 353
282 172
209 69
323 87
179 102
117 291
25 100
129 30
380 285
173 100
362 373
251 245
69 235
218 332
379 394
212 291
257 344
155 379
163 239
112 253
219 129
78 121
324 12
90 368
111 286
217 163
54 26
147 394
352 267
246 122
84 121
302 161
353 90
260 164
157 11
53 235
172 287
148 54
386 356
398 194
205 363
368 294
71 75
265 144
281 56
300 120
87 244
193 105
69 118
200 304
378 72
160 99
164 319
55 117
381 112
274 231
28 337
239 352
223 110
393 127
248 14
76 240
181 149
266 174
117 26
142 265
311 188
238 296
149 192
86 368
194 62
147 325
319 206
397 80
148 157
328 179
269 260
380 201
146 154
68 305
268 217
85 380
53 239
96 164
320 118
169 48
57 69
296 101
173 40
16 272
237 302
62 209
132 266
22 237
263 297
83 169
150 273
283 313
396 112
139 263
152 108
282 221
138 367
382 393
97 21
290 203
355 292
390 384
172 203
55 68
251 206
17 244
345 81
258 162
235 339
64 316
234 237
126 79
226 394
331 135
391 266
188 11
175 322
107 199
363 358
111 25
135 249
286 384
165 244
145 242
245 37
183 78
105 298
156 97
277 207
299 316
236 84
354 277
121 19
373 13
283 80
262 179
357 130
67 183
292 209
160 369
98 256
7 131
235 396
349 332
222 22
262 271
54 62
124 387
266 128
316 268
34 260
322 202
59 176
199 16
60 33
391 328
266 298
344 244
153 11
263 104
20 214
357 247
126 158
178 92
186 81
393 218
201 232
125 197
386 140
82 339
54 11
111 301
292 395
66 330
138 158
132 334
334 247
47 78
348 172
77 72
257 237
387 241
23 132
289 333
12 23
218 248
399 169
89 332
237 220
392 334
172 308
133 210
92 75
104 178
357 111
294 45
210 88
262 241
94 252
322 156
46 326
176 287
15 149
273 388
50 193
297 2
69 244
289 383
181 70
330 357
96 121
115 376
271 198
396 215
275 247
171 64
336 151
143 313
264 119
196 364
393 147
295 339
265 292
192 7
281 31
392 14
206 263
369 357
258 13
264 88
229 242
360 50
353 285
225 25
314 284
280 57
344 392
336 334
199 125
39 246
270 296
212 70
192 257
368 268
32 203
210 5
360 394
192 160
156 5
194 210
218 299
25 283
389 250
176 121
178 206
194 331
194 88
108 265
33 303
260 115
126 363
315 231
28 383
303 295
361 374
244 186
237 114
163 369
229 241
323 396
161 353
88 287
330 117
73 176
56 73
230 130
195 306
218 262
201 298
189 256
159 10
254 360
235 328
31 3
18 4
224 241
301 398
17 120
353 234
114 209
399 54
61 97
121 59
375 27
182 146
211 227
264 201
88 374
316 326
388 329
290 348
208 335
254 396
37 287
350 365
111 341
28 367
194 312
198 284
187 188
348 400
152 105
138 106
218 203
248 356
90 299
238 224
42 254
379 195
365 29
328 375
297 245
184 283
300 223
147 285
61 371
276 315
164 168
271 230
29 351
6 153
57 353
174 57
246 342
174 332
48 264
216 335
343 23
75 35
243 94
72 343
53 134
179 76
256 346
365 117
248 122
336 141
202 243
362 14
380 175
301 303
326 298
198 94
33 149
381 142
383 334
28 178
332 239
276 155
131 117
44 14
52 356
316 74
164 42
217 168
149 225
65 259
168 281
74 139
64 326
149 85
377 37
329 181
73 372
286 351
389 307
390 281
23 54
163 389
79 396
213 30
72 101
370 177
269 351
331 63
11 321
333 399
40 380
69 121
68 159
232 384
159 26
98 384
60 150
364 153
212 211
372 25
142 273
392 257
189 387
178 337
58 304
219 214
84 188
233 5
118 55
75 168
296 132
151 392
136 45
177 155
186 165
303 113
301 14
106 122
81 124
376 202
70 74
168 143
214 267
157 82
102 244
143 236
248 232
222 188
5 307
360 342
89 60
269 29
399 261
98 20
159 244
3 210
22 263
204 196
197 307
265 7
76 350
172 151
232 382
367 321
298 1
11 48
170 174
88 182
236 348
182 56
34 210
395 48
34 303
94 173
329 315
164 77
361 94
383 318
98 258
223 221
128 369
4 373
262 323
314 77
47 62
239 334
106 316
338 90
72 161
267 42
88 332
283 377
351 76
5 64
142 229
269 1
111 322
95 200
81 77
291 382
116 253
112 112
342 320
111 288
208 9
130 26
347 379
356 234
151 359
226 188
252 178
267 36
370 283
244 383
319 107
63 297
319 78
108 288
272 25
143 253
198 386
214 371
196 40
39 167
207 74
229 354
161 349
143 51
42 98
105 54
36 85
182 200
220 54
313 122
190 93
285 20
143 90
176 267
353 43
263 246
163 258
30 381
39 6
144 83
281 104
22 262
268 9
275 180
294 187
127 1
49 230
38 154
275 268
85 92
177 233
279 188
130 122
134 230
187 226
41 43
304 50
254 335
332 234
212 309
322 174
77 231
53 92
178 10
264 129
331 91
193 65
360 82
326 245
57 217
3 339
173 115
307 222
393 1
110 93
140 250
304 316
47 238
92 306
352 183
273 67
255 1
11 167
199 172
333 75
241 352
206 262
70 256
146 366
36 209
59 332
371 45
62 333
88 227
363 138
378 66
104 251
339 374
397 392
152 113
261 176
397 350
19 301
291 82
371 359
339 116
51 24
128 382
113 400
168 4
375 155
171 325
229 287
16 144
45 186
339 297
53 268
19 219
136 160
348 176
94 161
384 31
78 395
75 390
321 143
151 376
72 347
109 360
64 153
285 199
309 343
336 91
166 375
172 128
215 391
8 259
204 260
289 157
261 43
364 140
100 145
300 72
391 195
150 53
274 320
52 20
173 373
103 303
302 313
320 101
376 331
161 98
100 216
111 19
142 322
298 345
308 125
385 44
299 124
176 49
163 363
187 47
379 302
255 14
375 234
103 385
65 194
77 294
63 150
273 236
68 230
271 20
281 237
44 203
156 140
385 343
249 52
235 207
201 105
194 80
345 291
392 253
124 182
85 295
147 148
305 46
172 17
257 262
265 328
118 381
387 237
98 333
94 226
44 253
238 237
6 332
10 298
365 1
225 141
64 252
90 267
37 49
352 282
89 135
318 182
119 172
7 53
154 123
105 221
294 128
355 340
132 171
389 136
332 116
262 337
248 190
204 356
38 398
135 105
351 46
79 79
326 157
96 142
371 237
272 33
271 101
131 276
271 390
46 174
165 249
355 244
111 69
44 109
10 182
378 244
229 267
92 43
295 111
355 34
51 10
36 392
74 24
285 32
129 203
155 312
86 204
59 87
285 88
63 181
256 25
228 16
326 226
371 143
211 170
8 188
108 261
392 231
244 286
218 154
175 116
150 302
270 164
39 111
17 394
243 59
77 332
318 56
220 8
235 170
37 91
117 325
350 148
141 272
112 121
293 315
10 376
109 242
392 176
251 82
133 65
352 76
63 97
361 184
234 193
131 44
328 96
131 300
135 270
36 228
267 147
306 36
62 160
167 139
389 374
84 135
37 230
307 76
278 298
330 276
134 194
290 341
281 201
160 25
37 346
95 275
58 348
132 260
142 128
76 269
90 38
24 98
276 178
361 109
59 323
167 195
226 352
152 183
209 3
15 62
56 315
323 179
181 204
114 348
72 186
246 173
325 278
183 123
346 7
96 3
82 109
374 28
201 339
38 123
353 211
190 214
324 30
192 234
283 284
99 80
350 64
138 398
317 303
296 346
62 195
212 21
72 44
26 37
336 342
274 195
258 16
133 391
162 60
317 144
35 323
204 329
152 123
32 152
25 219
213 120
184 13
348 201
341 53
123 23
399 306
212 361
140 67
187 122
74 348
162 349
214 313
375 13
110 226
192 179
18 383
160 110
256 249
65 163
289 392
381 319
389 243
246 4
87 56
84 311
199 217
205 71
187 101
39 14
323 151
96 86
209 285
265 300
259 284
181 273
196 4
348 235
266 58
36 248
72 341
149 253
253 341
240 314
13 166
208 76
299 166
320 197
138 195
382 121
276 152
382 43
170 266
177 56
190 350
327 209
301 301
307 223
81 250
367 82
86 371
144 26
235 359
298 266
299 248
327 250
173 128
68 92
88 8
381 97
75 327
282 397
188 232
250 296
144 191
159 358
203 125
169 74
216 354
296 294
106 371
396 86
4 396
48 30
54 183
103 144
121 189
53 387
205 45
160 337
369 107
136 239
259 395
37 386
153 334
161 128
207 348
166 261
65 131
153 343
124 110
167 284
192 298
350 267
8 229
271 80
253 103
147 372
72 358
76 236
167 37
301 64
2 204
124 239
190 398
247 305
273 22
309 269
23 4
47 141
127 286
60 139
199 220
176 197
228 254
346 124
357 350
43 171
241 52
387 3
367 55
10 315
24 147
111 97
204 156
278 388
294 334
332 129
197 369
279 210
346 317
191 146
305 352
238 292
228 174
356 341
284 120
29 174
265 160
7 271
308 44
126 313
227 329
11 26
173 273
93 302
126 192
166 164
13 260
25 159
253 67
370 334
129 34
167 127
195 67
125 383
358 222
47 388
266 323
362 287
369 382
44 396
320 285
367 396
247 382
160 277
260 28
101 88
389 92
207 388
94 211
251 265
346 346
127 175
356 373
244 72
264 240
222 323
390 250
148 50
7 311
156 175
99 241
54 250
274 191
141 38
81 265
344 282
136 65
281 326
302 221
364 302
90 43
9 242
252 287
213 183
132 307
17 281
92 220
78 306
73 189
278 188
46 156
183 67
49 82
257 255
386 326
387 193
393 188
17 395
351 9
168 69
224 266
133 381
208 278
51 318
252 386
275 165
226 244
113 80
259 218
340 151
167 123
310 16
50 350
53 110
214 73
266 121
377 77
72 132
89 289
391 315
173 171
33 107
173 262
268 71
197 193
186 103
245 36
125 180
29 121
335 306
136 184
17 28
214 226
226 215
383 131
386 192
340 322
184 279
312 123
369 336
175 31
122 87
85 233
48 132
274 229
373 127
141 28
22 54
335 35
155 301
234 133
46 85
138 46
159 336
298 121
24 308
153 284
13 270
110 3
278 329
74 330
256 79
14 175
96 334
221 391
26 287
115 271
129 372
326 182
32 95
347 298
296 395
364 240
59 341
105 344
105 202
396 48
104 216
370 376
313 349
263 277
8 325
289 106
85 2
112 372
273 60
4 149
299 44
255 115
364 83
284 242
399 256
353 239
245 258
81 30
263 283
261 247
206 358
220 44
144 202
80 287
27 126
107 113
167 111
250 94
199 369
257 295
321 35
368 256
302 246
20 187
323 127
32 116
225 154
29 111
395 33
159 31
342 78
91 248
53 94
54 359
310 326
160 321
86 58
241 121
44 76
50 278
357 17
367 68
380 138
267 346
109 306
324 140
298 227
217 193
333 95
314 328
239 75
223 246
392 286
220 83
104 171
163 119
149 58
202 383
118 126
14 36
80 131
360 382
15 6
175 4
199 90
222 311
139 296
40 288
125 182
298 199
120 75
47 102
203 66
185 141
54 189
175 87
154 28
98 125
348 207
116 249
298 200
315 126
162 20
98 6
127 91
164 262
351 43
174 128
277 390
277 192
21 218
164 295
10 369
58 245
64 16
376 179
27 8
214 144
52 324
364 313
182 321
186 366
7 141
149 338
11 287
312 197
262 297
152 146
305 192
397 9
15 171
397 320
64 75
299 230
117 106
192 312
52 375
57 215
31 208
50 233
16 321
208 143
152 77
389 120
89 345
80 308
192 305
19 156
263 294
89 271
249 133
231 256
359 94
194 382
27 338
306 116
188 126
262 322
193 152
328 155
377 24
34 114
187 297
257 30
25 128
153 293
138 140
297 392
23 78
64 76
166 251
191 393
326 31
321 150
331 245
26 148
75 340
284 377
311 204
271 16
286 34
385 304
318 104
12 298
332 352
71 370
289 209
136 284
394 225
396 154
113 57
389 294
117 226
365 385
102 89
13 355
43 22
382 144
250 253
382 396
244 312
149 160
126 101
120 92
152 92
173 383
167 212
64 214
181 342
134 113
332 353
384 28
111 256
242 285
394 265
164 313
187 184
361 28
144 107
223 88
259 15
134 13
244 203
148 379
21 187
56 228
28 48
141 245
100 390
162 326
373 278
280 64
85 333
91 254
127 301
356 391
275 338
334 28
110 24
57 365
140 107
156 49
59 110
365 389
386 128
289 365
32 136
43 113
307 160
305 18
369 114
225 190
287 387
143 130
246 69
338 92
377 64
179 308
40 69
337 23
101 174
325 138
356 59
328 40
384 257
12 161
388 345
287 27
366 144
4 379
176 120
185 42
251 344
118 316
218 305
280 381
322 52
366 301
184 354
164 94
20 324
142 91
276 29
151 155
148 156
59 6
141 150
98 119
315 19
191 387
52 328
375 393
374 229
101 186
111 96
173 299
339 18
15 57
330 48
351 252
200 253
339 287
353 254
285 110
60 366
250 225
327 18
345 9
268 368
144 73
354 236
172 7
119 3
295 130
317 60
175 341
146 219
244 349
388 88
306 200
149 15
224 335
92 329
376 6
236 203
248 33
120 302
392 73
279 111
110 110
197 135
366 351
91 142
278 41
223 123
169 285
158 400
249 245
154 52
170 167
319 336
197 362
282 174
123 361
252 238
395 23
395 395
54 322
377 238
144 106
89 49
137 132
208 247
157 106
153 234
249 117
268 101
319 14
271 180
236 113
380 216
55 211
229 143
221 229
166 323
219 41
251 34
27 149
130 222
356 358
321 37
123 87
283 196
238 66
47 232
258 102
18 37
362 314
14 363
268 257
394 181
383 270
332 228
344 121
268 283
85 371
251 236
153 182
36 356
217 385
98 354
102 387
131 397
28 293
123 359
218 333
108 92
148 304
20 400
342 136
311 24
25 198
366 391
186 250
352 140
25 97
177 90
400 126
297 89
165 300
81 290
68 369
2 216
59 366
397 25
58 172
56 154
83 110
328 42
327 214
198 282
259 296
71 319
171 335
156 342
86 319
183 167
378 58
64 397
362 358
39 293
253 351
330 277
113 281
297 319
271 73
8 149
385 181
389 175
321 328
155 187
164 299
374 213
55 305
296 225
282 51
120 217
103 95
96 144
102 48
338 45
199 394
353 231
144 310
324 125
216 293
246 279
20 148
290 284
351 368
93 229
63 252
260 194
262 193
232 156
71 374
263 154
282 304
397 152
17 379
139 212
300 105
215 139
9 203
291 373
32 334
82 348
302 23
184 34
305 83
386 83
52 376
55 360
74 192
205 62
336 279
398 247
302 66
12 207
15 178
307 146
274 154
382 44
143 365
285 193
126 396
181 14
244 79
136 287
159 225
327 99
357 49
182 13
120 166
111 396
300 50
233 45
44 43
9 95
346 118
362 23
294 325
170 150
369 146
277 328
193 396
213 45
247 66
224 61
311 360
10 307
141 141
183 169
390 297
295 76
144 117
231 241
65 314
19 233
168 88
271 38
32 113
66 385
383 128
172 13
111 269
184 105
236 366
318 42
13 191
44 137
118 245
342 152
61 31
188 27
43 78
235 389
390 87
182 224
109 167
119 241
292 70
256 43
112 15
39 371
133 95
178 20
158 236
239 68
236 312
151 263
388 294
339 66
18 252
223 98
210 137
367 286
288 249
400 58
366 263
400 350
359 82
144 375
209 147
152 284
24 286
188 291
265 359
174 181
300 215
356 223
134 351
396 203
397 252
365 350
13 75
224 35
282 127
334 248
55 386
75 279
375 184
292 233
147 218
261 230
171 225
366 143
400 384
279 127
129 199
49 255
276 310
63 362
152 383
21 321
280 256
131 15
230 303
42 342
15 93
57 369
212 106
393 133
118 148
117 388
163 5
316 382
229 219
199 42
252 104
108 181
397 139
50 394
250 319
293 292
148 162
332 144
62 56
105 149
244 33
113 216
123 200
125 331
331 206
144 103
155 343
330 10
156 275
77 210
345 159
14 283
396 381
93 53
36 337
296 313
246 366
157 93
130 337
239 87
104 107
395 239
267 181
76 119
276 367
11 191
217 9
155 260
128 342
324 105
159 94
30 25
246 115
304 171
191 278
122 135
212 90
176 297
370 26
40 36
93 103
70 40
117 212
101 86
71 85
393 51
70 165
370 12
123 360
36 106
363 288
181 390
280 36
199 366
363 285
294 215
368 259
370 312
244 218
313 35
355 284
321 160
189 123
254 101
76 360
57 249
363 175
263 341
315 200
240 203
356 91
302 96
314 189
207 72
73 149
360 365
341 50
362 376
126 107
310 389
121 23
44 178
189 102
178 167
12 111
100 251
256 215
368 88
249 346
197 142
56 203
250 71
77 328
115 30
204 178
127 172
277 123
213 387
180 337
145 111
118 282
121 74
253 144
164 383
357 127
381 305
24 124
277 109
287 137
295 12
75 38
256 302
323 26
63 68
30 259
297 92
3 346
15 66
303 378
68 133
279 34
186 312
47 9
141 154
170 130
194 360
161 273
171 188
144 187
323 308
370 292
141 86
337 267
110 158
375 304
71 28
387 330
308 26
26 119
20 108
236 393
43 168
136 127
84 8
354 81
11 318
229 81
186 55
276 382
50 19
277 282
204 276
336 126
96 102
308 29
390 110
187 167
124 5
271 223
279 391
269 382
317 342
297 73
83 149
178 81
98 18
327 298
175 323
298 302
171 21
228 322
248 289
361 170
398 64
349 232
396 16
72 59
35 327
262 134
159 135
258 269
39 3
372 168
296 385
312 289
125 192
353 224
50 396
349 121
328 336
283 180
91 172
331 174
227 311
373 78
168 358
12 283
122 13
356 188
303 85
34 351
190 47
211 238
107 232
384 174
388 142
112 170
108 18
318 161
358 286
237 235
308 233
217 289
368 9
15 238
380 56
128 288
133 41
226 83
349 397
248 144
280 386
4 322
343 123
90 346
100 37
294 84
173 153
192 121
36 78
350 246
102 33
171 92
91 55
151 201
400 248
13 35
223 340
211 63
278 163
388 308
376 17
201 13
265 346
317 165
120 156
262 265
250 27
40 225
266 39
199 240
109 236
235 377
185 85
26 35
368 162
76 346
257 254
381 27
210 69
214 328
340 103
166 54
388 14
177 101
31 126
89 21
26 93
300 231
254 289
14 24
217 262
188 356
227 262
380 183
47 370
168 276
261 163
215 38
54 235
96 165
267 283
338 87
158 119
323 248
331 87
311 141
216 207
196 70
99 82
131 322
299 306
298 184
257 315
104 242
96 273
288 396
347 103
58 318
6 273
358 358
201 252
275 218
384 205
303 157
309 215
303 127
242 145
337 234
258 167
176 58
328 399
89 300
178 223
11 107
286 110
318 40
362 215
361 326
182 352
178 253
72 294
77 5
343 274
270 141
151 277
68 173
33 333
55 189
125 293
62 356
307 257
52 275
227 219
347 227
97 232
273 92
149 78
67 359
226 297
287 327
325 12
302 211
272 22
114 375
264 277
156 93
44 127
114 277
167 238
207 76
360 76
352 288
300 128
187 199
77 11
238 106
352 271
140 391
228 51
162 79
327 231
160 134
110 42
364 361
338 309
327 101
31 195
33 247
9 115
318 147
182 76
295 289
28 307
88 326
392 228
251 274
295 398
192 52
170 83
153 394
109 319
43 192
166 326
300 22
232 22
365 55
319 228
218 101
350 375
292 162
130 375
30 22
181 118
306 224
211 36
261 98
43 94
268 286
312 248
62 283
113 347
348 77
254 79
127 308
92 93
400 291
98 318
190 20
85 280
347 154
105 315
376 327
297 310
50 191
349 284
201 20
257 260
221 107
50 232
59 32
84 206
276 305
45 145
279 66
29 183
82 246
221 292
299 336
52 110
206 374
320 240
40 232
307 306
259 384
395 345
66 170
38 11
272 69
309 246
276 395
8 158
108 179
186 163
234 258
34 83
111 31
309 400
42 241
298 357
82 79
235 273
320 162
46 389
142 201
292 11
238 255
337 282
62 138
94 168
282 165
316 287
362 227
238 232
312 114
240 370
220 333
281 363
277 183
14 324
79 251
380 136
7 195
154 355
399 22
78 174
307 337
194 142
285 346
264 334
70 80
12 218
47 231
234 366
399 275
61 339
324 70
176 144
328 244
308 118
333 182
17 66
182 318
167 76
48 349
156 327
383 255
378 375
185 339
98 34
249 190
261 58
381 48
325 218
81 55
71 175
319 163
76 41
55 378
336 162
316 28
210 62
351 345
245 324
240 2
279 364
242 286
208 281
191 46
317 345
12 67
302 234
269 142
364 239
236 232
288 372
223 334
294 385
282 135
295 19
38 312
372 261
134 103
18 56
306 196
273 128
290 126
110 95
187 380
333 321
190 233
373 26
141 303
364 237
127 151
341 207
150 303
166 219
207 349
127 150
362 148
88 214
123 276
235 111
400 87
162 254
211 393
386 25
226 296
328 262
190 141
66 28
17 360
65 135
131 163
173 352
142 352
330 204
160 196
90 260
210 24
52 101
195 248
199 385
130 389
13 128
150 131
221 124
284 83
313 144
373 399
326 1
14 140
299 325
325 199
314 201
42 336
306 365
66 192
196 19
290 240
276 265
138 77
371 35
319 135
299 156
141 377
378 158
237 334
370 224
212 65
192 95
252 229
268 65
327 167
240 214
176 145
333 191
101 176
123 212
178 25
335 80
351 23
145 400
302 56
110 44
285 9
380 261
243 318
124 336
265 166
277 65
101 223
335 236
271 358
220 343
14 290
270 324
371 322
37 270
393 115
23 130
10 198
165 160
390 338
396 114
128 166
137 205
153 65
305 21
209 230
64 229
154 298
192 287
400 240
172 225
374 215
85 346
179 18
389 363
77 88
2 160
228 93
69 209
66 161
337 216
301 310
175 185
156 58
94 394
95 193
350 397
239 251
142 100
178 76
304 138
167 194
206 53
177 326
154 230
296 353
42 323
140 129
195 216
91 349
341 217
69 309
40 27
303 125
149 292
181 283
312 319
355 287
228 68
117 211
72 392
45 195
97 209
101 175
48 189
358 31
221 388
280 150
140 10
91 9
175 57
198 210
220 95
61 240
257 212
232 129
325 31
354 371
80 377
96 8
174 370
323 296
126 331
259 147
60 263
325 77
380 118
229 130
255 108
282 204
52 216
392 67
65 153
158 115
388 131
259 253
154 97
387 109
33 77
116 204
297 174
398 311
337 49
346 320
271 172
89 148
159 15
265 348
16 140
292 359
26 216
105 168
293 242
207 332
343 387
7 15
300 87
386 239
395 347
259 161
118 167
357 195
354 47
112 290
88 356
9 61
283 16
87 10
346 98
237 215
249 198
309 211
363 169
345 286
131 332
200 46
140 390
295 115
260 303
118 142
160 378
293 189
77 19
262 170
259 154
228 118
334 158
309 256
288 45
60 58
113 363
50 333
248 193
6 123
319 216
338 182
322 246
192 192
120 56
93 242
246 289
301 49
368 386
271 13
177 363
306 316
60 176
328 215
196 383
186 51
25 225
380 323
324 319
115 268
342 232
260 185
92 144
37 42
139 276
134 298
291 332
78 244
34 117
198 361
395 147
396 147
125 110
128 350
165 298
189 58
20 87
284 78
194 267
150 128
2 108
73 178
184 195
125 319
249 61
247 150
322 308
62 102
332 253
124 347
174 179
198 87
339 372
48 212
222 282
267 185
59 333
337 92
344 375
178 88
228 169
335 399
246 380
311 385
209 394
145 109
103 157
57 246
364 360
110 154
380 245
204 64
287 111
309 352
331 194
5 248
171 127
390 379
112 324
321 332
37 75
390 92
71 194
174 368
116 139
367 39
291 309
128 219
309 235
206 325
362 218
190 70
327 25
243 51
390 84
82 320
79 138
165 113
45 29
133 261
187 324
139 208
225 114
325 23
20 4
252 169
68 299
32 271
82 21
276 101
7 254
308 276
221 361
349 308
294 47
106 56
141 160
69 222
247 268
206 309
41 310
1 286
315 309
227 246
348 173
237 66
374 127
396 140
19 28
56 30
223 111
131 76
336 363
53 87
132 290
294 175
266 25
331 24
164 264
69 144
42 134
150 112
307 196
277 162
224 153
52 322
57 270
304 279
396 235
56 260
83 210
114 138
326 345
187 49
257 126
238 358
118 375
22 279
214 263
199 381
396 8
10 89
379 373
39 18
218 102
248 334
235 351
245 352
89 64
298 143
245 336
88 151
247 14
247 399
281 134
128 17
257 74
77 234
17 373
129 182
11 44
376 348
204 285
276 118
22 400
303 237
303 68
213 244
35 316
275 30
360 167
326 7
249 34
219 231
46 102
132 102
141 224
126 2
193 130
385 398
58 9
55 141
325 206
353 160
334 257
262 317
307 82
285 17
395 2
398 374
134 58
260 104
310 393
261 340
111 356
229 67
59 346
391 198
98 310
296 344
339 30
278 293
288 282
110 14
61 130
201 63
288 83
259 361
42 174
106 322
168 267
50 362
247 47
221 146
108 257
57 25
178 345
197 11
266 77
303 163
350 396
369 16
219 118
181 278
136 98
97 366
182 291
351 273
302 75
90 22
249 236
171 344
294 336
309 299
263 185
46 240
29 139
223 167
118 137
318 36
243 397
186 325
271 380
278 132
29 362
282 24
97 89
166 112
82 184
392 35
30 10
160 273
399 3
306 159
380 10
204 241
243 92
201 328
357 30
261 254
35 133
322 336
88 185
58 380
118 295
86 330
390 6
270 48
330 332
242 272
22 242
152 357
62 21
81 319
52 346
231 181
123 213
102 2
336 82
251 5
294 89
296 214
320 386
73 302
262 211
91 119
155 391
110 258
108 144
106 376
155 286
305 35
365 240
52 302
336 362
312 154
65 168
90 18
174 258
321 289
199 304
291 147
394 224
171 105
288 278
25 113
226 259
90 118
31 89
41 163
18 237
6 46
176 286
182 354
383 166
380 333
254 270
240 7
139 68
170 358
260 291
176 192
297 53
11 359
301 379
126 131
220 249
313 84
308 111
285 326
369 43
64 150
30 76
244 5
56 282
276 91
261 52
270 254
150 330
391 370
329 93
123 243
82 131
260 193
330 351
302 59
280 321
40 48
256 362
349 385
9 178
324 267
372 254
356 84
249 172
300 68
276 128
162 278
368 228
43 302
242 60
11 93
90 8
93 83
358 333
116 356
295 294
307 239
199 71
106 331
75 131
34 322
230 126
380 83
31 373
196 268
76 163
382 104
102 39
150 239
225 102
121 93
152 46
344 393
376 186
51 295
193 359
168 174
102 28
152 294
6 57
312 246
220 250
188 21
11 343
76 78
93 289
367 58
373 378
314 48
112 296
128 280
131 189
189 195
175 274
50 90
57 157
45 308
103 325
157 85
154 68
360 223
226 388
331 243
375 374
297 208
249 196
306 186
349 32
257 317
400 310
165 257
8 384
271 238
77 377
107 194
168 68
227 161
107 318
128 60
226 257
290 325
24 58
306 209
77 205
70 95
150 247
245 73
309 373
219 169
43 179
319 382
107 39
164 174
321 400
301 382
371 313
4 272
279 18
268 12
53 241
21 210
366 244
161 14
189 42
245 285
61 291
273 304
235 6
52 223
45 370
105 64
259 22
87 360
365 276
216 112
30 131
391 251
367 325
192 392
135 121
115 147
313 354
169 353
63 263
234 28
214 76
350 75
249 64
354 293
98 185
158 311
175 237
293 165
338 66
76 158
379 73
398 371
313 358
191 296
47 67
96 396
292 150
130 22
110 352
399 33
319 7
389 345
32 182
212 390
189 323
299 40
98 194
302 260
133 344
346 143
271 376
127 186
360 396
308 97
331 23
359 93
25 390
303 86
363 368
70 176
307 1
292 107
260 349
135 247
240 282
107 254
257 142
378 96
335 98
170 140
355 117
189 174
225 290
117 203
22 47
44 283
398 199
275 246
25 171
361 34
46 180
158 156
177 364
73 260
353 142
343 382
165 283
165 198
105 159
320 340
371 99
42 48
395 292
160 56
282 163
330 128
34 366
322 393
398 304
25 213
43 53
54 282
216 176
128 389
394 192
46 209
51 256
285 280
83 382
162 376
144 15
273 58
306 385
93 111
386 369
273 172
389 237
62 216
307 316
278 340
44 93
217 106
125 174
125 200
79 287
370 342
391 375
264 259
217 326
212 198
122 305
197 256
217 34
286 88
319 330
136 47
39 104
322 363
23 174
233 293
360 63
325 192
236 334
28 261
61 297
316 75
309 117
253 189
209 74
290 400
245 284
337 147
224 350
35 7
49 258
270 369
362 196
113 109
276 264
79 117
228 369
335 3
60 244
323 180
149 59
169 13
107 286
127 354
105 15
266 164
23 5
295 43
369 156
35 117
170 123
9 334
321 118
363 96
243 308
35 140
385 324
298 154
355 252
40 350
13 155
272 62
127 188
116 223
5 97
230 334
180 55
93 144
184 123
49 367
149 384
109 283
398 335
180 93
198 270
66 29
149 260
188 213
173 56
62 232
134 136
238 151
253 76
62 156
112 262
226 250
285 291
70 107
303 155
338 314
377 182
205 338
280 226
240 70
229 291
300 307
40 170
334 3
131 202
130 227
190 230
151 104
14 78
210 269
316 284
132 159
179 314
48 29
234 103
280 106
259 90
343 390
50 229
101 332
178 173
326 285
37 25
212 220
379 250
206 107
149 282
273 150
233 375
182 142
393 386
156 234
191 227
216 169
268 384
170 138
162 286
385 144
146 144
74 108
101 61
1 77
64 230
357 6
344 334
141 252
229 92
291 9
102 276
286 388
181 182
314 229
140 5
145 391
135 251
164 287
60 91
90 140
153 215
301 207
125 179
48 221
170 25
357 258
217 159
15 297
190 294
276 377
381 84
110 181
49 73
77 237
54 79
69 81
57 233
317 102
169 316
131 74
191 327
137 82
88 373
398 36
86 35
30 246
324 31
108 310
168 210
111 187
318 48
314 140
51 365
337 240
79 1
73 277
167 319
289 291
380 134
89 26
135 1
132 231
315 374
131 35
378 13
26 36
307 368
145 306
64 247
139 86
3 308
294 3
34 224
322 329
224 214
101 135
238 47
142 338
258 381
344 276
391 235
242 278
373 341
205 384
339 229
133 80
105 301
115 330
171 284
211 304
99 266
370 34
45 262
346 103
346 99
256 12
125 222
349 380
218 99
333 353
96 368
293 74
276 330
184 381
96 31
267 79
348 284
151 386
188 272
287 318
361 64
51 387
181 92
21 254
361 50
234 123
33 2
242 361
123 194
347 292
59 210
19 319
227 355
333 48
193 51
199 80
137 380
217 67
357 47
144 357
330 298
315 390
141 114
54 344
166 397
229 22
340 46
51 167
272 166
45 131
86 361
296 229
114 80
42 306
311 301
231 281
198 116
90 315
173 167
23 397
334 2
222 123
241 345
35 304
28 175
380 3
114 73
283 244
11 194
285 248
163 288
178 97
84 38
205 177
312 11
30 272
169 379
318 237
332 365
59 353
287 165
158 11
120 278
43 334
232 214
285 202
45 18
230 245
275 58
226 223
349 161
109 145
98 211
15 256
127 350
289 311
247 226
301 68
316 155
149 161
99 15
39 342
98 163
336 45
77 355
302 198
50 386
394 268
50 14
262 232
113 183
211 229
95 257
359 19
40 297
396 256
233 325
236 260
388 334
124 75
246 98
7 168
390 389
173 376
129 73
251 341
372 222
285 301
249 11
160 242
151 301
237 99
211 207
3 186
75 75
293 311
4 336
196 62
177 245
125 284
72 141
86 335
320 91
69 311
78 39
355 296
160 33
31 33
393 102
53 386
254 386
192 313
368 21
301 270
155 280
227 128
366 209
48 127
301 69
117 59
36 398
12 317
266 84
130 354
137 291
294 25
343 58
34 311
267 321
236 310
246 124
189 78
64 363
3 261
309 97
176 72
387 201
295 227
56 218
87 197
331 11
289 145
181 239
171 249
46 72
267 187
271 156
313 226
220 258
101 267
315 179
237 219
92 119
225 86
248 31
5 46
166 148
7 393
212 49
178 358
387 252
82 385
83 251
88 149
386 52
352 161
367 117
18 270
67 230
278 96
339 123
92 363
47 191
378 40
270 173
215 199
190 160
168 391
230 190
24 373
239 144
190 18
99 310
185 72
388 249
79 285
160 32
103 281
259 231
147 309
13 301
70 44
213 70
16 351
17 299
108 15
69 165
255 46
268 1
182 248
340 72
391 183
287 144
58 390
314 360
9 119
13 117
4 297
291 390
23 340
267 14
112 24
29 35
27 245
161 291
209 43
60 279
385 166
332 26
365 370
263 203
168 181
303 129
62 397
328 94
181 199
13 168
67 114
368 36
384 228
33 131
285 107
97 370
277 38
390 381
291 389
97 244
52 206
143 304
78 338
142 167
129 335
161 30
286 247
132 383
5 177
387 172
259 318
121 50
379 255
389 161
212 245
210 203
260 378
6 155
348 158
395 200
52 84
253 298
71 94
323 397
83 277
129 83
106 14
93 63
316 105
289 239
265 92
144 41
209 80
332 314
126 283
8 58
245 318
202 356
393 14
227 277
384 312
369 131
362 273
293 128
287 141
321 15
281 257
196 390
322 330
201 372
62 319
316 4
159 115
377 113
285 224
326 131
189 66
60 161
120 238
173 49
318 376
284 156
118 25
335 207
325 114
371 356
129 80
18 48
310 176
49 46
56 117
301 380
267 200
359 357
96 192
332 15
320 2
45 90
64 391
55 43
358 129
141 211
45 249
309 195
360 349
222 173
11 173
323 334
211 356
323 367
166 221
335 295
236 20
3 179
270 330
280 24
158 93
25 167
376 8
149 355
23 310
74 189
200 104
362 242
291 117
2 316
9 257
256 369
288 176
67 82
333 52
360 355
126 328
277 129
390 53
82 3
165 361
239 392
93 306
329 350
307 284
90 372
263 375
239 82
375 12
46 247
337 305
199 323
72 43
394 391
217 148
105 361
239 142
63 396
211 23
354 336
296 173
277 357
246 131
178 214
69 100
278 356
29 279
332 240
187 356
270 62
358 87
297 6
131 2
209 140
38 328
213 386
90 247
100 221
115 133
113 373
337 31
211 257
152 61
383 3
330 191
389 387
249 210
378 62
236 32
44 397
299 46
113 131
47 18
293 342
260 168
149 390
189 182
107 252
249 274
282 38
45 115
2 181
283 234
200 128
286 320
251 27
388 73
237 253
357 190
84 69
343 384
381 43
142 188
209 279
247 336
247 96
375 237
139 359
288 285
221 165
244 182
317 305
381 208
214 183
268 116
120 118
64 310
186 137
297 148
383 376
329 79
187 329
124 80
303 175
244 229
246 154
25 88
290 65
386 342
271 65
56 49
87 255
364 342
196 285
172 191
116 123
178 105
337 176
29 216
241 89
244 57
11 274
216 152
348 195
90 52
73 60
189 368
198 100
172 251
214 158
287 82
291 317
394 101
305 170
7 103
254 35
390 201
77 54
273 170
163 143
53 312
225 62
189 10
179 380
289 241
184 304
352 171
68 221
354 174
289 309
62 276
176 62
66 351
157 180
143 108
235 105
302 238
179 375
87 224
196 302
322 394
200 113
205 114
233 82
301 228
147 203
120 69
364 286
355 325
274 319
231 147
356 33
265 133
388 30
346 280
331 76
364 245
46 28
167 197
95 100
219 246
70 47
390 94
274 275
8 111
346 292
244 108
394 363
58 41
84 91
128 385
366 280
378 36
185 365
68 184
129 378
353 10
398 118
184 276
72 54
333 201
399 30
33 163
25 151
44 207
365 322
271 28
164 257
365 67
129 38
10 88
109 389
313 37
40 216
253 369
177 248
14 209
37 141
142 194
275 24
124 228
18 181
377 393
389 107
9 78
77 150
125 377
320 279
335 36
313 377
205 281
64 231
249 31
172 173
352 99
262 188
330 58
287 291
130 54
340 202
262 231
209 256
257 20
356 375
71 91
68 318
226 320
266 173
366 267
216 211
93 228
191 348
169 216
35 60
90 358
300 182
148 140
175 66
192 175
363 33
32 15
113 94
391 70
275 319
46 249
400 70
51 225
73 126
211 306
285 391
307 242
382 338
303 139
317 134
321 319
293 228
212 348
315 332
393 80
180 369
42 142
328 139
190 241
166 204
236 257
151 246
67 116
23 298
217 102
130 147
194 396
235 165
372 134
376 51
296 42
324 121
332 363
55 373
248 282
4 320
128 169
248 253
244 28
343 240
102 369
139 314
279 212
190 125
44 24
195 163
244 31
135 21
375 208
229 376
62 105
360 17
234 260
245 100
197 166
600
70 182
72 198
10 169
13 202
96 168
10 164
16 249
44 198
55 230
54 165
46 155
75 228
96 152
56 237
75 163
30 240
28 229
27 224
27 227
53 229
97 158
45 189
99 238
37 175
91 212
71 237
39 240
31 153
8 227
22 171
72 152
68 236
42 165
98 189
37 219
12 236
32 211
17 186
15 166
2 207
81 202
5 170
80 179
84 227
81 249
75 179
46 231
41 201
95 171
82 244
44 175
32 189
56 210
81 247
21 215
32 157
93 208
18 220
47 154
34 172
97 240
56 182
18 240
51 212
58 206
45 191
41 153
50 246
7 219
60 250
40 210
47 195
32 239
16 186
21 184
48 156
37 200
74 182
12 249
42 169
79 223
44 232
79 166
92 169
43 153
75 189
53 186
50 161
90 245
27 159
39 180
41 225
4 247
87 156
66 180
46 198
53 200
78 155
66 211
96 214
79 195
93 191
68 250
57 218
21 189
98 165
35 196
53 211
10 212
8 174
12 188
3 247
34 202
73 152
64 220
69 155
3 243
27 176
22 188
55 189
59 156
88 172
18 236
8 201
75 175
49 209
30 174
4 157
51 195
90 195
41 226
91 198
45 244
11 165
84 194
97 164
73 172
75 223
89 206
38 200
68 155
81 178
46 206
64 204
80 198
69 190
73 182
42 154
5 214
41 151
59 164
59 230
15 212
20 206
46 166
19 184
11 202
27 238
76 208
46 229
81 184
55 185
44 159
18 232
69 240
94 159
47 163
40 196
92 218
48 229
87 174
91 197
59 167
60 179
70 191
99 204
100 244
35 216
33 241
3 201
78 187
44 204
47 245
32 244
17 246
10 173
65 181
96 170
53 179
2 188
54 233
20 188
44 169
40 246
75 240
3 170
63 220
8 211
84 168
66 177
19 169
16 191
17 234
57 227
49 193
80 217
27 222
61 188
10 186
100 203
4 156
51 156
74 188
9 215
9 188
1 219
26 218
21 195
85 247
36 201
67 155
88 207
81 246
11 241
9 181
77 160
85 177
82 210
69 198
69 236
20 173
61 208
24 190
20 168
12 201
94 216
95 178
2 225
28 230
77 173
81 214
73 198
50 249
17 151
6 231
26 205
30 156
25 209
54 244
84 239
51 234
99 214
59 165
70 247
92 246
40 158
21 229
67 214
58 153
41 191
12 204
23 178
13 166
6 221
16 223
8 153
5 245
2 237
49 234
23 174
54 157
1 216
96 166
54 239
25 222
68 175
40 152
9 154
33 219
77 230
91 187
6 157
35 191
37 250
2 169
51 233
17 240
86 230
30 183
19 213
24 237
67 219
67 165
44 170
11 240
37 214
61 216
86 164
76 229
51 196
21 210
37 192
78 189
26 176
3 159
94 195
100 237
33 152
14 193
57 191
70 240
75 151
49 188
77 219
71 160
2 175
79 183
5 191
99 156
16 200
33 223
14 209
94 199
11 183
3 185
72 200
48 212
85 170
99 241
20 154
83 235
15 184
54 236
50 229
76 211
29 174
63 163
88 154
90 238
48 171
38 223
20 174
89 197
12 192
87 189
40 165
48 182
89 234
39 241
62 160
52 241
18 176
79 220
10 195
67 180
46 236
68 226
57 237
78 249
42 184
14 152
31 213
100 245
4 225
32 176
11 244
94 237
67 203
4 211
93 167
3 249
30 220
37 236
87 238
18 178
21 168
53 204
53 221
79 176
64 156
49 236
17 174
70 200
25 205
57 211
42 195
72 236
48 244
52 160
60 200
70 178
68 166
40 235
14 241
57 236
12 173
87 173
38 156
62 186
84 209
13 177
78 166
85 204
39 242
79 174
14 217
11 158
10 191
8 173
87 234
75 203
19 250
69 160
7 205
8 194
75 155
39 217
80 234
95 174
5 224
46 204
65 154
32 158
53 218
42 179
94 250
73 179
85 219
84 158
88 243
4 223
58 165
27 209
68 185
50 245
59 189
12 169
63 234
92 245
91 220
17 200
34 194
16 185
55 245
25 156
75 152
53 160
58 185
51 241
22 162
17 244
99 188
24 223
62 191
7 160
40 217
17 188
13 184
53 216
49 169
74 186
7 153
34 220
50 212
62 157
25 250
79 200
98 210
82 204
85 195
3 250
31 190
85 249
86 165
70 233
38 197
94 219
16 244
36 191
48 222
61 214
27 215
16 175
17 185
39 181
89 175
49 154
44 173
82 181
8 184
23 232
37 213
82 250
8 158
22 235
13 222
39 192
42 213
24 163
44 228
69 215
26 225
54 176
100 249
85 234
44 211
58 177
59 184
79 178
34 159
78 242
88 158
66 227
61 218
46 151
93 224
17 155
43 231
11 203
15 161
93 154
91 158
99 172
62 243
55 210
22 170
83 213
49 166
67 168
43 201
61 191
57 199
70 244
75 174
27 220
88 250
46 189
98 244
99 190
24 219
95 203
65 186
34 168
46 226
58 234
3 202
79 203
100 220
44 239
52 180
8 215
11 162
98 236
16 247
11 236
11 182
12 158
69 235
17 170
75 164
13 225
58 184
4 186
86 167
6 151
24 212
86 154
32 218
64 223
78 177
61 247
62 192
66 184
32 217
33 196
95 201
68 211
82 236
19 234
50 178
36 186
91 233
4 241
96 167
76 173
27 163
42 190
65 193
57 219
73 196
68 197
69 152
57 207
81 211
69 195
70 186
7 195
8 199
8 155
35 190
