2
450 12000 400
224 149
279 114
222 255
213 442
361 442
118 204
287 159
362 393
205 108
316 57
328 385
46 28
369 365
294 209
413 277
16 26
279 42
101 443
137 215
81 267
34 263
139 166
431 235
237 93
292 186
296 100
125 279
146 413
1 61
216 53
388 11
188 124
349 247
39 419
314 65
419 106
419 152
142 240
432 392
41 230
409 124
97 27
354 294
250 252
4 276
181 448
283 54
242 391
332 180
422 84
105 449
365 434
56 75
442 265
135 174
374 158
86 326
439 96
294 274
182 164
84 267
426 403
296 111
16 226
368 169
115 400
311 329
143 338
185 215
137 18
377 303
307 53
278 184
415 97
179 13
286 34
26 325
376 382
274 324
148 418
348 430
402 392
275 249
48 91
36 314
127 36
94 19
332 420
137 166
351 83
428 155
356 279
223 136
78 177
406 13
447 368
117 209
323 84
217 217
278 378
101 6
421 345
281 26
309 251
326 96
129 257
366 108
94 377
370 220
362 415
244 366
174 295
254 33
398 383
374 391
199 289
54 365
257 296
397 78
169 379
152 57
332 389
403 212
248 218
197 163
264 237
135 71
297 12
63 396
374 130
221 147
348 305
177 353
64 245
406 329
196 412
434 17
366 395
186 143
41 58
6 17
53 150
318 95
334 273
76 7
130 194
232 240
64 379
296 44
158 243
210 311
292 84
184 246
417 378
361 387
316 279
134 47
7 443
395 6
38 237
41 409
82 114
325 107
144 340
401 182
121 444
381 79
181 231
214 408
66 134
119 235
351 242
56 120
284 440
149 221
169 170
192 290
120 25
313 120
181 142
25 88
158 327
156 45
104 15
308 101
291 380
179 71
142 208
265 118
315 225
154 6
287 218
67 276
346 246
270 66
292 111
131 404
193 131
181 42
126 359
448 157
357 179
52 233
42 319
105 54
68 355
147 210
142 74
262 20
89 260
80 11
330 447
326 66
320 197
300 303
297 304
44 238
70 128
80 269
21 18
431 240
294 262
325 161
247 133
263 127
161 185
425 175
134 208
10 312
352 30
252 272
367 122
217 341
16 152
299 417
321 227
291 140
403 299
416 241
243 336
292 399
394 118
446 74
145 377
298 428
438 220
281 329
276 450
450 108
422 32
308 289
434 272
330 212
53 147
407 293
2 426
278 73
425 58
79 156
11 342
212 366
365 232
202 351
399 90
220 132
416 391
380 269
123 421
119 434
57 326
98 311
36 143
230 117
223 350
423 370
144 350
206 376
373 209
168 248
281 216
147 407
31 441
188 238
39 164
90 265
415 26
166 120
107 7
233 161
298 341
137 244
164 120
360 392
220 396
395 329
270 408
234 240
169 69
78 274
286 102
340 277
28 386
116 148
330 296
83 91
180 256
108 241
208 147
217 197
204 366
212 120
168 368
191 56
16 85
45 322
54 259
23 361
220 312
167 284
277 139
308 419
65 426
336 242
401 316
13 319
421 162
358 158
213 377
424 207
199 259
426 444
33 296
8 174
149 3
143 200
402 62
329 277
355 56
147 403
239 20
430 73
241 55
400 153
260 221
187 118
328 296
21 199
120 118
258 200
292 414
256 54
248 263
175 159
152 257
231 302
350 374
61 54
386 336
168 339
357 140
407 289
183 215
224 80
282 369
161 79
67 27
120 114
78 164
77 162
284 33
270 363
202 201
111 375
196 92
368 122
248 172
208 126
449 420
442 159
185 305
206 195
290 212
17 70
390 292
301 310
109 127
294 228
148 251
146 343
1 395
169 373
34 270
60 30
348 275
424 379
421 80
386 334
432 147
169 337
436 317
335 233
59 406
306 18
448 43
261 220
297 210
350 356
168 353
226 165
250 435
100 142
96 14
445 44
219 384
197 135
71 34
439 101
282 61
245 255
158 289
176 113
404 244
72 24
274 90
349 301
84 430
359 272
306 430
370 443
361 66
314 147
403 343
417 426
199 25
270 61
409 227
144 427
258 242
351 261
162 262
397 134
30 425
304 440
46 260
306 244
187 75
379 355
194 385
237 378
299 188
189 103
434 364
408 354
214 341
137 430
328 255
171 30
69 117
80 428
221 359
149 13
217 86
228 442
74 409
146 247
426 93
155 19
69 187
26 281
385 2
440 413
186 31
244 200
273 369
295 340
167 71
283 410
118 329
327 2
126 172
349 86
426 164
48 8
154 2
299 280
35 428
444 374
406 373
122 89
62 308
187 226
106 420
25 183
384 444
219 133
339 335
267 164
114 276
343 139
128 74
358 435
394 225
417 424
296 141
3 343
379 431
318 418
285 177
404 56
203 292
157 248
237 371
260 69
292 283
93 224
191 343
310 432
1 228
69 256
210 200
450 389
372 359
446 49
82 83
239 191
326 212
126 321
312 207
439 134
50 60
296 396
121 138
55 256
428 191
270 48
164 273
384 117
218 224
145 331
247 426
264 230
283 110
167 279
346 261
255 91
244 406
245 369
254 179
61 105
267 382
356 293
238 41
238 1
307 343
26 11
251 270
191 196
60 406
338 80
352 92
56 174
221 12
110 54
11 245
17 28
448 268
168 249
215 375
357 117
91 278
186 285
450 276
176 79
262 193
305 1
86 285
350 15
196 375
242 413
151 37
96 207
270 448
383 188
66 305
347 103
13 65
328 46
203 288
370 334
234 17
447 62
104 361
292 158
185 67
66 72
68 197
60 305
350 188
98 332
119 48
260 264
31 125
50 20
372 109
103 200
269 403
53 319
379 171
381 218
210 299
88 425
42 58
322 116
410 332
227 321
398 396
309 136
313 211
316 351
123 404
379 29
130 346
25 160
8 16
377 187
13 260
259 162
257 142
267 104
260 315
392 359
384 302
333 88
256 379
63 111
125 406
153 25
206 251
342 155
41 445
201 112
201 223
422 291
432 32
13 128
44 411
232 314
361 356
5 172
84 423
42 409
50 374
338 155
316 97
178 289
78 125
136 134
407 157
69 302
111 48
3 427
75 383
424 4
149 289
383 289
351 118
450 215
6 443
208 152
367 251
38 130
158 17
177 443
65 337
183 82
416 19
60 231
306 139
26 98
371 40
397 21
352 406
25 334
4 302
383 132
438 122
233 177
223 141
394 17
211 244
43 369
330 432
168 211
206 225
159 394
371 39
281 152
83 40
185 171
43 335
212 260
41 162
73 432
283 68
325 92
333 401
173 133
334 178
389 273
432 427
404 357
211 389
17 43
77 415
30 60
190 27
20 18
330 394
27 190
170 149
197 324
292 373
91 258
448 360
128 89
263 105
320 220
106 50
283 7
386 410
230 371
167 10
212 332
421 47
378 333
151 39
317 418
368 278
314 146
60 117
256 79
44 196
93 328
92 357
114 208
450 154
207 234
94 20
1 134
89 46
401 139
113 51
86 10
25 377
147 213
347 432
334 429
208 307
339 76
108 436
343 205
128 124
175 369
37 198
233 414
427 318
84 105
296 7
252 301
250 341
345 375
303 79
203 191
92 355
419 408
164 436
283 60
348 329
158 339
372 283
196 86
365 400
127 389
312 302
6 11
30 25
122 212
12 1
233 433
20 196
122 169
252 264
186 297
243 431
78 107
318 297
157 122
353 385
307 202
5 434
333 37
325 166
186 73
240 121
54 271
282 279
29 200
107 399
54 224
347 31
116 39
143 388
9 115
275 58
129 218
144 66
415 347
379 335
195 418
142 198
275 388
109 423
370 109
145 96
50 347
132 307
267 244
305 133
11 35
20 128
261 162
96 130
126 21
142 413
27 392
293 117
67 330
133 57
166 105
154 369
127 324
307 129
50 250
430 92
211 357
182 343
366 156
236 167
73 74
262 423
112 72
354 89
194 394
170 434
251 390
357 433
440 357
114 20
65 435
211 170
207 136
89 308
81 358
21 90
285 16
127 126
322 218
254 329
149 193
413 332
90 338
351 200
116 250
69 81
274 105
434 112
205 72
20 306
124 218
332 220
256 394
115 326
421 154
446 111
155 3
366 432
304 419
47 321
79 392
121 266
248 152
149 71
323 103
12 354
44 326
150 22
377 416
116 48
357 255
301 264
392 320
193 292
145 236
196 302
349 363
310 307
390 150
195 122
393 380
71 83
264 33
160 230
93 161
112 345
134 192
322 310
341 135
23 311
228 239
69 426
289 85
106 41
427 156
413 298
322 370
1 126
202 73
299 23
236 85
251 122
138 121
304 429
337 5
75 213
327 381
23 80
442 20
256 430
99 420
265 308
15 5
66 444
357 147
161 15
409 46
240 312
81 63
395 306
384 256
287 275
29 443
115 246
326 236
286 43
190 449
299 66
67 166
328 405
301 319
22 168
331 400
364 273
302 154
75 84
443 241
31 102
163 357
226 106
274 277
381 255
434 396
316 59
88 151
121 12
159 190
347 277
414 87
221 366
340 194
199 64
18 102
35 56
389 254
222 443
245 193
245 251
417 443
20 368
135 6
383 150
108 254
404 185
331 142
353 443
240 137
220 105
414 157
296 152
180 133
405 73
277 329
198 222
195 358
369 378
218 75
336 88
428 259
179 385
35 303
411 419
310 215
435 103
308 408
330 100
415 269
81 353
118 143
201 297
248 142
56 418
20 304
358 223
104 232
97 68
254 238
379 312
220 160
184 449
260 9
23 83
354 191
423 184
331 412
98 301
416 74
95 121
442 201
11 358
102 433
200 426
363 280
165 161
435 269
267 388
5 376
48 141
256 77
96 189
287 414
270 162
273 386
336 228
136 308
175 320
219 257
270 77
16 449
175 69
248 90
204 190
339 278
265 89
150 134
246 213
419 90
289 115
266 275
414 6
79 116
224 243
308 277
238 301
260 242
370 241
361 434
315 169
173 293
335 380
82 438
409 63
254 295
139 90
288 117
153 362
427 65
27 36
404 235
23 125
4 274
351 292
61 180
92 390
376 154
10 259
74 361
189 200
134 51
181 287
410 442
181 158
65 160
277 163
351 236
183 177
286 391
134 226
287 404
195 148
97 424
354 263
329 411
443 393
193 113
291 431
66 258
89 15
122 90
285 415
423 253
444 103
419 290
273 190
31 50
5 207
278 365
108 417
124 24
299 370
194 19
351 439
16 241
314 230
88 289
185 72
254 207
150 327
81 47
60 69
308 340
155 189
225 73
146 74
268 304
53 228
426 137
126 449
383 199
256 118
350 429
159 153
24 133
185 374
379 159
20 340
347 36
367 413
220 388
447 40
194 55
440 26
193 70
290 91
200 54
37 224
21 26
230 105
57 19
314 16
410 232
318 153
336 139
263 13
89 406
141 364
416 445
12 313
310 84
415 204
32 47
133 397
257 248
22 378
322 332
412 214
168 10
306 318
112 291
354 168
108 418
364 383
442 57
210 210
32 379
42 134
131 80
269 80
329 144
61 133
316 304
135 334
12 431
284 149
18 125
236 383
424 196
217 312
125 325
10 64
247 303
271 148
319 376
281 353
320 44
146 68
82 302
229 233
173 239
312 416
414 249
391 449
200 96
278 104
314 347
374 62
122 120
367 5
392 168
233 169
270 330
327 208
90 156
157 262
347 150
211 70
450 196
222 201
311 239
437 386
117 435
85 64
414 61
382 424
406 108
14 161
133 332
373 435
336 215
271 76
227 240
383 129
275 350
185 47
239 65
425 377
255 323
446 53
445 1
206 144
315 66
398 62
228 210
144 120
383 208
291 438
278 226
6 404
12 227
390 68
116 291
310 135
359 387
295 342
148 238
230 214
251 186
426 385
378 258
362 8
300 261
90 269
348 410
149 197
334 112
446 102
31 420
326 393
241 139
375 426
432 97
318 357
238 238
150 129
158 86
326 168
338 3
180 48
446 328
4 102
251 115
355 398
189 86
348 26
304 306
229 130
403 388
217 317
362 349
300 137
283 420
118 447
272 444
404 9
288 428
242 117
226 135
64 142
303 288
133 261
433 11
124 301
145 133
297 431
190 351
245 24
197 116
439 59
426 91
184 427
327 310
28 264
78 103
367 361
79 358
429 221
122 48
26 194
353 124
194 159
249 354
361 431
240 333
281 365
282 384
234 353
434 322
375 260
425 143
200 40
41 295
432 235
109 340
8 86
366 183
85 89
58 254
437 404
381 275
234 377
403 98
29 310
31 210
335 292
58 250
42 4
421 311
248 206
331 393
10 380
421 349
112 8
135 225
373 380
215 62
243 439
180 372
379 47
251 304
278 39
117 369
275 222
341 102
313 425
331 277
158 170
176 56
259 385
74 227
297 104
398 148
258 94
45 125
280 417
302 332
378 387
369 271
448 214
27 394
49 61
284 381
35 23
393 225
189 192
182 334
448 179
151 103
195 99
447 394
227 67
207 321
198 279
309 249
17 113
27 333
440 22
92 223
273 428
356 274
310 143
290 120
396 230
285 159
344 164
90 165
376 16
433 429
331 318
309 59
302 424
433 178
346 255
252 338
426 318
162 288
92 75
247 173
433 208
176 236
60 105
31 89
129 141
340 134
396 391
103 222
116 56
437 118
437 199
3 310
34 348
69 115
364 418
39 132
386 436
260 99
56 169
397 400
145 278
267 272
263 367
138 392
303 47
370 29
281 417
201 206
422 313
331 355
406 273
205 115
438 296
70 262
396 337
232 95
86 264
15 221
339 218
139 255
15 7
397 450
355 64
325 40
121 52
12 103
281 115
272 193
389 275
280 105
128 1
271 374
131 102
364 349
182 305
423 429
67 238
23 51
282 115
35 312
429 59
423 306
347 29
116 101
311 372
44 42
391 206
163 216
284 245
169 262
88 316
421 50
403 228
182 254
430 341
318 282
216 133
252 44
188 206
322 54
344 54
112 335
125 142
185 270
163 126
201 229
158 330
73 168
213 244
373 161
229 248
7 64
219 34
145 410
133 243
20 53
82 182
327 276
72 123
141 110
275 447
370 286
8 365
235 229
108 308
416 440
100 221
244 250
100 262
298 14
394 47
238 380
86 225
161 109
329 117
97 449
48 69
419 317
446 296
104 283
438 33
417 93
183 14
101 404
117 372
450 382
84 446
345 364
209 106
65 376
262 317
96 395
84 422
446 390
405 44
270 140
108 220
52 344
263 365
353 295
134 188
207 243
257 185
371 442
198 35
307 325
195 193
432 281
330 99
419 320
245 323
10 122
444 52
105 231
40 209
344 203
63 122
215 432
232 54
110 341
103 225
251 298
428 445
361 280
148 248
130 151
136 364
414 416
413 137
337 353
270 126
226 190
7 190
19 148
344 217
136 12
176 252
421 4
438 28
141 32
126 63
249 337
406 429
345 395
63 139
137 262
257 338
406 393
304 246
395 183
326 447
117 420
46 214
250 347
194 2
313 426
226 207
47 358
83 376
257 384
209 69
260 199
380 336
431 278
325 287
285 144
300 388
316 181
157 209
398 423
436 409
101 64
89 13
71 395
343 266
380 436
445 392
187 281
444 238
63 205
392 231
95 25
274 172
339 107
39 108
329 373
278 2
147 3
363 235
160 281
233 99
264 153
89 320
291 370
65 240
386 77
84 13
210 430
2 140
202 246
329 258
200 103
448 302
313 102
51 35
439 274
106 431
354 352
185 284
412 73
129 164
323 104
172 250
412 428
447 252
402 208
63 244
350 91
384 90
355 343
113 365
40 255
342 7
293 192
278 406
311 208
19 212
36 300
356 289
247 109
342 238
419 21
233 150
273 298
110 19
175 354
75 208
64 364
59 124
111 58
52 370
2 92
208 23
405 418
296 402
404 345
301 2
260 395
16 149
43 180
143 265
447 291
11 334
379 24
216 404
261 431
277 92
450 362
313 225
327 134
156 105
336 377
35 376
343 3
335 108
187 248
97 399
214 251
339 277
102 338
55 68
308 142
143 416
69 346
273 398
140 334
159 136
381 19
399 322
70 159
37 176
442 161
443 208
288 106
308 421
425 364
243 272
229 125
286 176
163 27
228 89
348 40
10 75
127 354
238 368
116 155
282 78
245 65
418 230
419 199
41 118
272 265
177 16
375 438
340 280
304 331
29 290
278 384
87 192
169 95
316 358
306 201
75 229
202 314
34 316
408 364
293 348
70 247
147 152
165 180
281 444
49 142
299 162
408 189
334 50
355 41
3 270
20 449
280 421
90 119
117 166
143 213
361 159
353 191
158 317
373 311
181 373
294 181
430 313
403 99
222 62
433 53
384 176
76 378
60 396
38 82
18 432
335 275
337 432
4 101
205 75
307 340
174 213
321 113
220 336
183 369
15 308
58 361
84 36
440 305
270 133
82 28
186 428
27 411
43 195
431 186
80 191
262 126
285 19
178 376
200 370
202 91
73 201
302 172
179 273
19 203
393 418
322 357
414 52
68 49
260 394
38 249
222 214
256 244
107 249
309 430
323 153
433 302
340 250
352 91
389 24
7 27
233 245
121 318
42 195
351 121
204 216
127 356
23 433
189 244
283 64
294 174
240 342
149 18
236 298
198 345
60 273
102 14
339 419
73 288
319 160
352 386
411 136
106 230
84 85
443 156
63 418
139 237
385 145
361 444
322 346
291 306
415 129
332 283
86 304
296 59
91 216
398 263
291 265
96 197
65 249
143 374
378 259
252 76
285 115
40 253
183 179
302 359
305 263
39 438
255 344
445 105
353 370
66 294
115 84
31 300
294 33
258 416
264 279
449 296
430 151
43 2
207 322
142 205
268 388
17 283
184 209
87 220
266 325
96 68
224 15
6 266
450 204
135 367
339 28
212 243
290 291
175 195
154 359
87 378
312 237
51 265
175 226
300 328
349 254
140 188
126 153
274 1
302 200
449 179
142 158
415 55
244 312
98 21
301 447
206 193
415 221
354 4
437 313
73 205
104 272
277 228
419 351
21 114
156 216
334 1
19 383
248 124
104 133
61 419
14 50
398 82
107 240
253 298
99 143
189 371
20 105
397 405
419 52
107 327
366 307
172 297
380 92
287 120
219 146
44 353
441 25
437 242
236 133
116 95
407 333
78 134
309 196
118 355
328 339
407 128
228 17
441 217
192 392
412 254
211 71
372 213
305 84
379 353
226 49
409 175
379 272
231 447
81 315
306 196
251 371
422 121
353 179
243 371
207 103
211 135
400 96
198 213
113 62
155 226
199 75
225 450
87 89
315 311
337 9
368 78
281 47
11 421
10 423
180 250
248 245
379 187
2 153
75 288
344 422
247 76
185 250
403 239
76 132
79 196
56 266
414 371
411 375
152 190
269 434
305 433
433 175
278 415
445 148
55 395
215 201
218 19
356 1
387 199
156 325
361 383
121 358
182 424
310 306
99 262
93 129
226 374
341 183
110 93
443 345
71 142
421 270
93 99
246 79
437 223
8 8
443 305
102 315
85 109
62 383
162 166
247 86
190 204
119 129
429 359
283 190
123 229
386 37
307 367
448 361
402 34
347 111
368 167
374 169
444 187
92 41
370 273
409 12
183 344
397 335
237 404
304 180
35 293
20 27
36 81
175 17
117 217
332 102
269 320
99 149
136 277
369 74
189 278
70 97
341 274
416 439
345 264
130 273
151 300
172 160
218 356
175 175
223 211
16 157
80 32
423 227
69 120
437 186
45 113
7 293
225 132
179 199
176 213
184 219
89 207
450 166
269 69
78 399
63 177
355 350
134 1
359 33
339 173
101 186
348 232
190 47
120 14
71 41
303 144
447 264
243 73
48 223
9 441
130 100
69 318
386 176
448 325
290 374
362 210
259 449
69 290
206 168
144 290
236 10
17 120
177 200
121 326
12 32
109 57
240 27
37 177
248 154
311 125
31 438
146 322
236 431
443 359
53 97
297 194
448 107
237 267
28 40
186 200
79 104
442 255
297 401
168 263
106 167
278 74
189 13
134 134
266 263
101 422
369 101
44 445
443 268
256 8
393 84
162 164
77 193
78 234
422 16
6 316
294 126
186 142
375 281
149 183
13 18
65 163
60 115
276 339
334 4
248 145
18 19
138 332
246 238
147 330
186 403
156 296
48 409
378 167
100 7
339 365
418 443
392 447
185 122
163 128
117 318
32 165
331 229
442 51
385 323
41 257
256 440
71 89
42 108
396 18
217 172
153 217
219 223
377 43
73 306
222 73
407 68
304 405
335 119
135 237
94 391
229 47
259 273
143 87
383 384
209 49
375 322
179 311
410 271
396 245
60 363
310 37
110 58
305 249
450 35
354 219
410 38
12 296
380 211
433 159
369 127
413 194
331 251
352 249
272 420
188 51
428 360
281 102
344 292
354 99
18 446
315 75
7 435
97 118
424 281
56 391
282 212
235 417
444 124
351 135
405 114
366 123
217 241
354 359
354 184
133 386
249 147
45 99
261 363
390 173
263 223
210 102
373 391
58 185
76 229
102 289
61 250
292 137
252 319
251 420
168 193
283 141
88 387
183 352
185 341
323 7
41 228
3 344
366 358
368 428
56 143
179 152
287 206
446 51
267 441
269 144
109 312
186 209
175 290
311 12
123 426
256 284
54 50
318 28
70 62
143 80
211 82
352 354
318 354
329 202
115 16
291 295
325 280
115 47
121 38
358 62
113 427
123 300
362 334
8 326
254 164
335 42
194 418
428 221
411 105
153 27
41 183
238 103
107 155
211 254
443 386
300 380
143 428
285 148
351 162
258 130
322 168
135 4
159 282
156 336
284 232
369 238
162 447
304 162
371 173
277 182
326 391
111 217
343 399
365 132
174 134
390 273
296 79
29 53
274 393
111 16
262 201
130 40
271 102
169 293
239 87
152 344
217 266
65 22
201 255
168 407
291 186
295 437
56 129
96 210
424 426
230 125
372 344
365 343
397 226
223 388
253 14
39 41
166 161
117 330
320 391
154 345
223 214
341 60
278 312
44 176
47 399
93 414
187 314
327 201
27 443
254 154
245 256
58 398
90 294
151 402
273 219
50 403
79 306
145 259
241 220
285 245
396 283
333 143
178 59
220 249
179 163
364 30
333 67
295 224
126 19
33 358
323 432
285 366
231 218
253 270
40 33
252 78
165 162
421 373
73 401
250 403
47 138
313 135
57 60
309 156
428 69
34 54
110 325
250 307
253 188
132 22
326 300
314 438
63 245
132 2
60 194
274 375
11 175
219 287
159 152
227 228
422 38
277 375
377 313
213 391
376 234
399 429
446 288
62 278
51 373
241 198
280 73
127 92
67 443
277 112
363 312
63 336
403 319
143 301
10 74
305 383
188 76
352 15
74 228
185 308
198 165
277 350
118 261
20 291
28 278
447 327
143 251
193 437
374 258
152 202
161 342
244 204
354 251
321 374
92 420
125 94
129 35
287 377
40 246
368 404
323 205
254 127
112 375
77 429
149 245
332 440
181 127
297 3
317 208
67 400
121 400
377 350
439 71
98 342
110 101
127 238
267 200
274 253
264 432
154 192
377 100
416 438
9 315
107 413
353 317
206 416
426 364
413 386
427 99
203 293
194 440
322 286
236 209
431 448
238 366
398 346
272 309
224 51
134 270
120 188
325 346
341 360
349 373
341 331
204 78
282 55
135 113
3 99
152 191
290 434
264 71
319 204
108 305
442 54
200 206
32 293
214 197
162 433
313 70
423 112
42 186
348 87
118 331
84 254
384 154
199 35
139 373
313 184
156 108
330 346
321 288
15 16
121 234
61 3
101 197
289 24
374 446
137 13
59 210
118 265
191 39
144 288
166 331
147 377
313 279
299 150
217 260
186 364
386 341
68 422
291 297
376 38
194 199
205 6
218 126
297 55
179 2
362 283
298 383
273 17
106 287
114 431
318 433
322 260
163 415
96 403
5 274
287 84
10 349
341 20
382 159
62 205
51 334
116 403
93 307
265 346
120 142
77 211
52 86
349 141
318 402
66 33
428 186
146 379
406 301
175 29
270 299
193 68
118 353
231 355
111 319
14 25
37 441
292 169
293 327
301 78
75 182
232 320
223 287
181 201
79 43
203 151
357 240
388 22
320 47
307 34
435 261
49 95
435 278
215 189
171 214
76 143
8 215
36 247
363 331
323 99
219 311
26 238
150 322
416 39
144 352
444 377
430 85
70 284
335 150
207 383
293 81
317 445
440 374
199 104
38 49
376 422
32 291
33 303
399 375
135 420
382 381
417 393
127 78
20 195
433 184
404 336
46 417
92 415
407 99
327 325
46 396
219 110
243 328
366 137
445 430
303 434
27 45
284 302
177 438
384 74
409 35
331 234
375 326
59 48
423 309
91 392
70 383
435 393
36 64
258 97
33 97
83 57
440 332
428 230
326 198
68 360
271 150
395 83
427 213
283 386
240 119
244 24
354 153
112 333
225 216
428 117
227 5
8 275
151 222
156 259
420 115
121 244
243 317
137 121
69 155
295 434
314 214
81 118
60 261
217 30
443 92
386 2
395 378
118 365
396 24
306 421
291 172
239 197
268 101
426 414
303 151
316 314
127 325
346 372
221 117
157 329
292 128
27 203
140 209
286 25
127 152
260 412
370 392
279 255
258 356
141 282
435 76
32 446
188 282
410 234
55 72
236 41
194 164
284 219
153 338
92 233
183 144
277 410
12 270
91 257
127 75
224 141
7 95
271 34
398 347
354 162
319 235
304 446
376 64
21 317
296 173
16 383
225 45
262 379
275 445
426 219
330 360
79 71
97 332
344 12
94 151
440 322
287 223
290 419
416 1
83 145
331 350
328 167
83 378
98 29
403 210
21 45
305 5
355 307
421 298
334 98
132 286
171 337
237 107
281 320
429 4
21 402
10 442
311 312
289 333
377 84
158 3
314 265
27 439
325 9
397 448
240 309
188 15
331 435
436 202
362 71
335 127
385 347
417 433
227 122
195 146
239 73
23 263
118 397
339 91
261 8
79 9
137 425
189 425
49 222
400 213
408 14
220 195
351 378
374 228
48 224
140 158
270 250
101 409
412 339
126 189
248 431
411 298
261 445
71 45
428 72
367 417
45 421
343 428
258 22
245 59
193 439
268 35
295 373
399 146
328 369
404 103
427 288
233 176
394 216
182 128
28 235
123 431
232 84
337 271
254 445
339 187
71 200
238 146
374 41
103 367
275 248
220 139
377 308
29 248
429 434
276 185
44 275
57 296
117 446
101 185
287 231
446 172
400 282
285 291
7 129
210 429
117 242
212 40
313 335
289 371
438 212
363 6
80 122
34 201
315 285
305 289
212 20
431 246
271 52
230 44
447 325
223 132
189 378
430 369
26 271
372 95
251 370
301 356
234 265
443 300
48 151
249 237
132 255
41 277
423 205
334 109
293 381
241 84
20 441
264 429
387 3
4 378
283 325
422 173
142 87
194 392
422 329
395 86
174 69
2 100
131 310
97 401
136 172
74 377
211 72
431 292
127 243
94 263
303 415
132 105
164 161
283 161
180 431
118 374
332 235
15 12
272 410
15 254
266 352
429 251
100 286
312 61
172 229
442 238
249 385
202 219
274 446
228 371
402 11
35 322
254 53
428 79
376 37
400 302
345 310
207 148
258 440
329 242
124 18
106 310
25 372
30 447
435 167
277 403
5 276
126 80
109 92
404 48
309 216
269 25
103 130
352 436
79 79
102 102
184 447
230 51
195 205
422 21
63 432
106 18
125 129
266 202
133 350
242 415
27 360
7 121
441 183
373 107
309 241
210 291
10 22
315 432
102 351
237 369
278 58
120 382
100 125
140 2
384 297
160 174
184 392
448 434
386 44
395 103
264 427
224 358
106 187
366 70
435 337
18 156
68 420
423 397
146 16
6 258
369 171
94 341
381 294
262 235
140 283
443 134
99 325
291 127
77 271
137 361
115 436
6 241
61 92
406 317
127 73
10 320
424 364
15 92
355 45
293 165
274 176
239 209
177 197
274 376
49 216
6 79
310 391
257 36
3 24
348 345
186 238
249 157
405 396
132 290
388 295
241 192
160 355
393 145
163 44
143 393
201 305
283 389
274 248
36 204
162 158
67 104
403 325
275 183
228 123
348 86
251 103
201 409
227 154
130 65
224 309
300 121
427 136
261 312
216 246
390 184
67 448
201 138
424 177
362 241
131 152
167 5
60 111
296 50
2 269
319 402
426 236
441 79
246 342
60 361
445 125
312 437
223 368
375 30
404 406
34 175
347 324
199 61
112 57
348 436
437 98
158 342
30 86
122 377
156 419
294 337
58 25
291 200
315 222
383 205
390 388
272 74
206 39
205 329
228 197
165 150
317 319
119 196
74 70
442 144
284 411
236 101
51 200
352 265
390 366
189 330
79 431
123 31
401 254
328 251
277 147
299 395
394 52
427 429
152 24
301 164
146 152
250 36
262 33
370 433
294 178
42 261
91 301
42 20
355 323
309 7
300 322
305 2
158 22
114 250
406 378
407 154
249 150
90 55
19 177
9 309
186 279
295 251
380 407
418 6
336 433
42 67
449 79
86 99
26 235
427 209
376 298
63 373
247 308
166 158
179 346
204 346
337 202
52 271
116 34
53 244
172 52
315 448
67 9
86 429
332 438
98 111
123 309
74 215
254 249
437 111
261 111
46 290
42 111
386 144
292 57
96 233
103 305
174 300
242 133
378 48
394 190
126 326
61 448
56 351
25 352
139 247
263 187
55 25
279 276
216 257
376 206
265 223
296 90
2 22
211 196
354 386
134 274
304 342
357 237
384 38
370 317
43 25
380 97
231 370
320 412
432 252
67 309
351 168
33 331
364 26
99 362
319 302
173 21
255 276
382 363
75 384
156 265
20 139
264 372
236 12
307 243
349 9
275 189
37 135
333 320
126 171
430 333
37 260
390 155
288 371
348 331
343 159
51 439
230 226
93 275
348 391
414 352
1 31
20 23
278 180
374 422
276 399
75 361
240 156
295 274
227 96
388 245
274 321
303 152
408 148
167 20
344 392
119 437
147 91
312 23
118 148
143 29
73 82
314 51
279 271
356 376
417 189
57 139
102 253
274 263
318 303
415 446
334 349
267 346
21 296
439 331
84 26
54 37
357 149
253 167
328 218
322 327
124 79
175 99
234 343
282 234
34 430
24 33
269 210
327 127
353 382
136 323
94 357
88 271
194 302
430 11
76 444
202 107
399 303
372 305
345 225
215 6
355 112
61 420
233 396
113 143
430 251
114 206
317 109
282 339
149 366
190 165
121 74
32 88
275 376
283 368
180 371
101 319
237 231
230 285
438 340
342 176
428 236
359 357
118 416
325 373
62 77
409 172
33 299
45 137
119 390
144 369
220 435
123 143
260 271
437 258
288 410
164 21
430 70
360 399
445 259
278 399
446 311
159 108
210 135
99 375
54 112
34 128
66 154
33 191
80 412
96 310
430 363
410 305
414 277
183 292
450 104
286 189
310 11
191 297
222 407
126 35
23 137
103 223
448 334
121 171
94 173
255 170
373 159
62 323
258 411
228 400
401 141
41 68
48 174
62 357
365 193
43 273
45 210
345 437
190 177
420 282
325 24
331 449
343 322
55 228
408 42
411 208
379 139
160 112
131 292
402 213
137 32
370 404
422 6
272 246
261 103
212 399
425 284
446 225
171 58
327 13
450 221
204 247
357 267
145 441
371 18
359 413
13 32
349 319
381 47
8 114
319 437
43 135
356 151
319 406
188 161
5 47
230 169
121 443
134 400
420 231
38 313
152 60
199 237
161 356
439 178
187 245
363 69
154 289
80 20
447 13
328 188
302 97
170 450
336 439
79 284
173 395
125 58
176 336
312 358
17 305
303 110
401 440
126 112
20 111
153 371
132 339
116 299
77 104
127 149
133 224
447 71
86 379
242 226
313 131
123 30
121 258
150 203
442 300
221 6
68 180
177 408
295 84
356 166
46 153
422 147
94 423
172 72
105 5
148 87
36 348
298 411
448 288
90 138
261 204
175 145
68 161
418 5
220 165
257 27
407 436
2 34
176 250
229 240
370 61
418 59
10 237
304 278
359 126
153 87
406 347
288 450
353 155
121 148
381 408
7 88
150 449
344 226
274 150
233 48
180 415
136 288
39 281
407 424
427 295
153 227
221 131
390 230
25 123
295 307
298 203
81 116
158 437
416 55
204 241
402 429
393 353
200 149
438 276
16 255
35 326
4 133
118 383
53 230
363 74
211 436
291 262
96 87
227 81
40 18
120 398
53 247
255 388
263 281
447 98
4 397
98 227
60 431
110 417
362 68
34 135
403 95
176 166
378 378
384 249
388 133
346 438
76 117
19 258
385 146
376 340
318 239
44 294
221 327
383 102
333 87
144 269
416 207
21 213
333 413
399 214
7 266
311 116
27 315
173 441
213 161
337 309
22 227
227 331
384 265
143 268
391 49
395 401
324 394
431 230
363 265
270 29
306 131
230 315
339 89
41 20
248 140
161 150
121 100
251 435
72 47
79 212
442 34
351 129
76 129
384 232
312 243
437 108
405 139
437 229
450 172
7 114
301 32
447 162
155 290
402 345
353 195
5 32
53 238
351 1
374 90
86 235
1 323
2 262
122 267
377 415
248 147
146 327
29 349
117 135
253 157
152 248
29 416
369 187
103 207
25 444
137 411
199 422
28 151
69 17
339 425
219 166
100 141
105 419
432 40
58 198
226 21
103 87
99 230
357 158
277 274
29 225
315 102
183 52
215 163
450 347
335 267
115 125
118 131
364 398
260 306
378 71
409 110
340 341
218 308
393 16
298 259
281 118
284 426
235 238
430 224
280 25
413 296
234 441
316 125
31 196
367 47
111 340
389 164
310 411
142 294
252 304
91 78
94 315
145 149
305 221
437 312
192 152
408 204
202 138
182 117
9 195
434 65
182 288
264 267
260 41
51 155
369 172
16 289
268 425
417 449
21 76
67 345
392 178
225 243
447 420
75 223
442 184
361 334
214 134
43 298
315 345
450 379
409 313
352 242
341 396
89 397
20 26
20 201
340 444
142 61
264 272
390 251
96 275
57 370
189 284
79 110
351 69
407 375
391 309
30 287
173 334
86 5
350 137
232 329
11 90
252 286
111 88
275 428
98 249
392 160
81 122
260 418
240 261
224 189
230 224
384 447
356 108
442 209
179 261
256 155
237 436
371 53
13 52
216 207
302 352
356 75
212 214
92 55
97 263
208 95
386 236
234 217
375 89
335 5
162 282
287 210
250 400
113 402
215 173
237 146
24 143
340 432
427 294
334 352
399 205
102 220
114 23
353 401
159 295
302 42
71 199
219 250
57 220
247 268
161 410
344 394
258 134
385 10
220 308
353 229
186 269
111 113
353 412
167 261
149 382
269 40
218 238
395 228
33 325
90 429
1 40
109 399
321 230
291 225
30 398
305 243
92 168
441 167
363 116
402 271
301 207
151 72
67 178
159 440
293 368
419 417
4 299
112 246
435 122
327 321
319 237
152 290
358 399
323 407
51 240
210 89
252 275
236 389
274 279
159 106
341 52
274 184
156 58
60 99
186 87
284 40
277 16
67 340
219 75
343 26
417 202
201 63
234 15
74 136
183 207
192 74
229 104
244 413
193 230
201 342
253 177
144 49
184 50
105 8
118 239
328 226
80 65
341 123
439 52
95 55
115 51
303 215
126 415
379 227
172 64
98 376
185 323
16 275
40 89
37 222
414 386
292 252
364 22
377 10
440 314
203 164
98 110
39 423
296 58
33 426
247 168
313 229
81 215
301 201
425 397
434 243
383 229
284 156
357 322
314 304
64 240
365 360
217 320
430 380
133 76
242 398
293 243
223 176
234 328
178 380
112 253
86 45
274 212
160 332
239 440
182 112
196 291
229 321
432 403
275 56
105 176
44 377
432 103
27 242
50 205
8 431
86 352
30 411
407 8
186 205
438 79
352 8
258 142
272 271
134 73
70 81
52 237
187 279
271 411
67 353
440 263
338 113
184 309
90 231
123 312
27 63
388 168
249 54
78 326
113 324
373 254
127 340
432 421
160 130
274 123
341 446
169 111
240 448
182 216
44 22
228 354
184 381
20 24
296 341
198 332
367 115
350 68
101 322
34 209
31 77
325 237
77 241
317 164
293 250
226 302
16 180
260 12
99 116
374 269
357 274
358 51
349 275
311 251
243 307
107 276
231 191
140 258
70 18
54 261
86 267
252 202
418 13
431 99
7 417
137 22
305 323
18 90
333 403
123 29
226 141
355 57
264 125
406 267
255 191
400 101
250 11
56 287
306 24
301 303
320 55
396 38
174 274
158 220
160 128
170 21
6 169
198 107
186 93
117 181
233 204
127 221
244 212
78 154
250 115
53 333
449 77
344 134
280 333
127 233
341 11
207 69
232 135
415 395
395 181
380 329
12 85
63 118
322 282
290 422
363 240
39 126
61 134
427 332
78 432
346 310
422 198
428 56
115 366
400 89
281 218
326 262
414 242
220 127
18 115
203 322
20 282
249 89
440 440
177 245
121 23
137 124
8 332
109 237
9 304
84 385
32 352
340 271
8 235
129 361
275 88
130 354
22 425
25 39
61 423
12 144
142 207
260 308
232 170
151 211
182 258
21 6
13 394
340 155
221 372
61 135
250 157
5 77
267 84
392 17
444 198
335 422
114 130
294 47
322 240
336 31
163 100
113 110
117 26
232 372
392 360
256 424
141 231
112 157
281 242
133 88
140 441
105 166
7 425
237 222
382 281
104 77
89 369
353 116
251 23
278 149
221 201
138 96
245 333
110 36
119 377
368 338
374 432
434 181
319 305
7 184
83 147
26 116
299 221
85 449
177 47
355 110
22 403
368 4
301 433
339 94
362 268
383 14
220 175
252 88
113 14
145 244
134 378
333 408
267 423
173 408
409 120
244 265
103 50
262 247
311 5
429 387
321 277
84 350
243 200
193 40
124 98
339 369
362 360
138 438
121 115
218 216
170 337
450 133
30 246
288 44
254 434
77 442
282 83
200 393
122 43
58 153
102 333
36 15
199 330
254 264
147 46
158 403
375 168
277 423
269 425
183 192
287 355
154 30
163 192
78 357
209 48
325 429
2 49
244 22
340 149
339 318
97 374
321 18
282 3
176 37
307 240
380 320
249 194
408 347
134 436
217 116
418 253
332 227
351 176
288 187
283 32
241 395
148 7
96 445
29 196
123 299
368 333
398 296
16 218
23 57
422 26
80 153
282 272
107 317
388 407
349 176
160 261
373 361
389 104
422 200
414 282
156 109
165 187
98 365
201 245
60 27
348 268
243 279
118 346
405 449
294 351
282 203
431 112
3 92
359 353
72 402
68 13
116 275
32 191
188 422
379 360
387 192
425 28
314 228
101 312
46 111
213 128
167 4
193 329
228 204
249 88
264 323
154 112
318 288
407 404
138 314
205 366
122 152
422 326
229 310
188 44
295 137
383 99
331 437
218 279
427 247
243 53
57 337
397 302
132 258
255 56
330 153
193 249
187 353
309 334
367 224
171 308
420 64
325 202
282 102
128 340
408 54
197 111
97 345
92 361
419 51
127 338
317 123
125 153
35 65
345 337
367 34
185 149
285 212
187 13
366 293
355 404
397 386
232 393
391 123
350 93
308 262
213 246
54 131
114 344
418 243
178 35
63 312
125 22
423 286
290 148
135 64
199 244
145 204
165 71
285 214
249 141
217 61
230 146
416 14
172 271
384 73
417 345
112 159
42 318
200 397
433 365
41 286
291 226
257 5
317 36
197 195
261 255
178 252
365 244
203 26
356 50
240 231
362 293
330 397
400 168
326 434
88 337
340 377
98 199
398 168
8 296
208 430
9 345
13 298
133 168
3 22
9 59
168 60
295 62
211 347
361 326
212 381
85 66
69 307
19 61
189 214
33 128
310 153
450 404
342 112
85 56
2 254
353 26
147 126
345 348
319 42
224 375
324 326
10 450
242 394
112 49
207 99
172 203
347 418
226 181
130 24
345 323
72 378
52 82
406 411
334 382
401 2
283 224
324 74
93 236
289 312
344 357
7 271
383 147
50 79
386 212
102 55
345 290
374 401
64 5
52 394
264 165
200 239
71 257
283 117
231 135
300 402
189 360
354 349
332 377
256 95
230 253
68 77
33 243
404 382
405 222
115 392
424 133
362 130
199 130
88 71
185 337
201 13
267 6
153 150
252 91
260 349
214 223
139 174
326 194
402 79
174 52
366 162
231 276
37 426
357 310
328 219
164 75
424 288
104 199
109 144
379 393
367 266
66 214
98 437
424 299
242 119
442 55
408 121
359 261
114 350
352 277
114 173
358 335
346 34
55 254
35 4
309 166
335 214
40 448
183 449
325 211
155 273
109 186
262 18
392 152
120 65
70 17
76 387
201 420
230 433
265 317
445 448
436 290
194 236
22 385
65 263
450 352
438 434
321 3
200 354
180 49
386 24
212 57
113 350
409 33
163 174
262 136
305 417
227 449
206 130
56 25
406 78
338 154
231 335
135 426
418 144
365 366
326 189
1 362
379 233
36 10
381 237
266 207
19 59
67 155
372 268
16 78
234 32
34 103
170 35
402 259
177 220
417 367
242 277
293 176
212 223
120 201
124 89
44 260
160 443
396 138
231 80
22 159
264 366
378 349
348 333
253 240
96 374
236 162
342 213
305 428
105 289
159 403
171 59
421 37
205 2
121 260
371 271
351 140
316 35
426 256
393 433
327 301
309 257
432 347
367 330
311 260
270 49
443 117
268 148
420 314
332 53
123 129
220 151
214 69
12 346
275 407
123 398
278 262
424 441
157 33
126 351
136 380
188 167
178 189
347 115
40 201
193 259
364 326
92 138
412 332
44 134
118 64
202 417
2 37
383 373
15 409
70 39
45 198
45 430
261 266
247 374
177 88
388 18
286 243
25 59
5 136
337 433
292 411
298 342
215 285
349 183
18 404
29 400
53 192
406 316
169 50
90 139
10 173
272 232
297 232
28 253
197 312
19 147
135 296
450 125
34 344
110 268
215 192
75 211
183 153
251 89
360 41
238 362
15 249
47 121
209 408
361 36
111 174
310 177
397 430
435 209
5 12
29 149
293 67
358 140
120 263
189 155
340 177
443 362
128 338
84 337
217 170
372 49
183 3
132 156
390 193
226 38
202 442
171 20
35 68
97 123
248 188
111 101
34 219
434 124
29 44
413 417
172 206
239 258
104 83
258 313
135 162
74 378
172 209
406 396
406 22
151 154
204 354
228 351
321 406
443 441
4 311
209 226
367 424
417 80
156 436
14 104
417 285
59 224
140 7
275 137
192 39
369 359
76 62
376 437
438 431
257 380
87 428
376 147
243 449
168 158
367 30
317 135
287 3
122 424
295 222
3 450
246 449
385 21
215 423
333 332
90 441
46 362
381 398
200 245
228 215
127 72
167 245
326 176
113 308
8 438
248 387
128 331
406 6
136 107
70 390
424 140
241 205
177 295
327 353
386 105
336 393
385 317
434 146
130 45
149 300
380 107
445 321
22 3
222 158
239 47
257 47
326 311
369 112
352 437
149 449
272 49
67 164
187 269
193 136
9 186
171 166
34 59
69 68
13 335
126 310
202 305
8 238
222 141
306 145
267 277
404 45
112 428
420 424
39 213
69 393
175 383
148 216
16 242
358 61
75 425
375 358
263 292
361 188
313 430
33 327
226 216
308 199
137 276
254 67
244 405
410 133
446 80
280 269
261 367
16 389
162 61
24 239
170 375
273 7
242 88
173 71
1 260
225 70
388 92
378 158
113 213
134 153
88 25
424 66
170 362
252 220
38 205
285 180
318 109
19 439
161 61
66 98
135 178
406 146
434 76
152 85
22 407
174 81
263 176
222 124
202 370
112 339
259 259
102 448
77 373
330 122
238 59
306 437
23 202
125 282
389 259
274 95
422 338
240 142
389 363
34 432
363 99
161 244
133 268
413 86
450 257
250 193
205 54
282 84
339 397
266 253
366 274
329 102
172 49
436 159
209 405
288 42
401 438
373 146
134 142
62 171
111 82
70 235
164 410
176 38
296 63
434 218
347 274
219 255
386 299
156 3
255 355
154 88
339 404
80 278
1 270
233 412
106 345
189 327
340 60
440 317
87 331
411 346
392 416
316 111
7 44
269 267
404 57
160 194
432 393
393 79
374 75
38 338
256 81
94 77
374 295
129 243
272 120
31 249
43 70
161 178
60 364
330 416
109 302
292 362
49 390
32 243
90 24
274 392
134 218
289 449
313 237
262 427
441 301
183 421
450 300
435 97
243 210
97 124
402 381
224 395
408 24
247 221
394 70
68 57
197 6
173 235
74 60
326 330
220 207
59 432
7 405
426 134
219 71
163 365
169 369
442 146
75 416
137 71
188 292
340 421
339 106
223 423
95 227
419 77
387 132
178 334
165 178
72 444
314 293
277 181
331 337
42 298
321 11
207 207
156 195
374 213
6 221
197 155
182 178
22 295
89 105
419 129
27 148
4 291
448 15
84 324
279 322
200 321
339 260
243 219
317 270
348 342
249 238
361 402
294 8
288 276
77 15
24 220
117 356
29 59
100 281
224 269
211 194
368 144
106 224
212 136
183 271
434 131
38 26
262 368
129 184
35 343
371 343
12 303
245 147
33 180
64 194
50 134
21 71
244 117
134 253
301 142
112 35
68 19
312 6
157 189
435 435
124 136
97 408
148 396
6 342
267 284
157 146
439 155
246 74
337 69
207 268
18 167
120 15
276 378
15 91
199 401
349 412
346 125
65 121
174 177
404 418
83 222
285 350
140 365
336 130
281 253
157 377
290 214
400 197
425 419
351 386
143 421
285 382
437 235
13 96
413 443
400 27
80 245
254 37
293 247
6 397
110 12
15 234
243 147
274 359
375 167
389 130
193 195
421 9
112 174
176 345
299 358
371 371
273 263
215 280
299 49
255 163
440 306
377 214
321 434
379 370
135 172
229 429
292 370
413 124
329 37
127 170
301 330
226 263
260 181
89 297
187 19
391 202
15 42
328 48
198 304
90 195
309 105
8 433
176 397
446 179
42 314
3 32
231 364
440 207
136 295
350 399
424 117
129 157
84 394
276 274
106 339
208 302
321 437
165 389
58 178
417 6
379 5
119 221
169 227
373 310
178 316
398 310
282 254
100 228
445 237
344 18
99 189
418 23
420 123
98 106
216 22
265 377
439 362
183 337
317 275
341 402
281 177
15 152
303 273
419 378
381 89
353 20
447 360
60 232
316 250
183 121
188 229
168 279
247 174
299 359
197 72
201 310
67 224
164 243
199 175
124 185
408 277
43 11
260 305
24 77
393 269
284 170
312 177
38 29
32 39
340 373
103 113
435 8
431 247
275 30
203 91
120 82
148 229
200 23
411 418
287 398
241 30
275 48
360 83
148 316
217 110
121 388
23 438
312 112
276 231
175 244
163 202
123 153
216 450
134 416
274 252
347 89
43 423
280 379
224 446
403 77
365 320
299 320
90 124
402 264
169 185
261 177
395 272
309 303
134 419
374 1
418 323
257 293
131 43
47 26
239 364
310 360
261 222
160 315
109 19
167 90
270 109
70 445
196 138
396 256
115 91
262 83
319 137
301 165
22 15
431 18
169 96
322 411
83 363
255 416
243 435
361 71
284 363
400 391
109 54
66 204
440 72
68 405
72 114
25 136
222 331
151 23
124 412
45 407
279 230
128 66
300 447
141 324
285 236
243 413
132 366
405 16
148 95
41 180
443 158
410 342
447 169
283 445
365 8
197 158
442 328
195 233
405 293
234 195
24 204
107 320
29 185
133 420
118 106
147 145
424 388
91 199
173 134
419 146
75 285
219 412
145 445
15 191
368 165
137 218
147 153
100 15
72 160
323 148
282 118
217 245
99 357
168 265
296 235
128 258
320 170
311 51
50 282
243 298
88 101
137 158
142 267
285 196
362 270
339 157
18 413
357 349
94 140
36 405
315 128
316 31
165 328
408 6
84 126
441 391
227 88
102 205
379 260
408 75
113 322
316 272
418 224
333 437
91 7
168 418
240 177
130 198
231 280
237 187
400 377
183 348
37 111
99 416
200 308
68 432
26 328
155 129
303 20
346 107
15 395
236 127
175 169
370 182
309 94
346 200
415 130
280 99
113 398
73 324
146 318
198 427
431 102
183 231
82 253
399 238
93 214
300 127
344 351
75 405
245 94
190 168
438 88
431 20
96 46
346 365
103 322
250 308
398 323
412 382
247 46
124 243
141 428
18 419
356 374
309 77
376 337
40 62
209 100
343 277
409 297
6 435
133 364
409 183
70 25
24 95
262 259
264 266
217 321
69 263
147 114
43 389
228 58
125 324
71 299
262 314
152 266
101 77
384 350
132 19
419 150
139 32
49 194
321 56
235 120
98 72
114 269
290 441
339 151
398 169
61 58
83 409
418 410
124 38
430 265
420 222
318 34
176 231
240 10
76 359
259 344
68 166
201 444
441 227
169 364
274 293
99 321
128 386
239 330
421 319
284 330
346 286
80 46
329 172
392 399
171 124
185 267
276 104
28 97
64 283
147 139
274 175
164 55
432 363
417 149
352 129
267 363
167 123
243 30
101 105
223 250
6 227
120 23
255 84
32 109
438 271
122 387
234 445
218 122
167 277
272 335
264 235
68 291
413 319
399 417
128 155
221 387
70 196
152 324
142 15
344 310
94 448
298 94
39 384
130 176
68 41
250 134
43 55
385 199
106 56
279 107
248 75
30 46
205 64
271 433
396 81
300 287
319 323
404 2
208 83
2 206
94 367
238 185
151 374
92 119
218 189
426 216
22 377
291 134
320 72
382 34
176 323
112 358
339 182
244 419
243 189
363 400
393 125
240 362
363 409
44 404
192 149
358 444
80 82
272 36
66 52
15 90
364 109
91 420
430 66
236 351
184 59
363 108
214 305
419 293
170 417
441 304
408 171
321 114
403 106
226 41
297 269
212 180
72 239
75 306
177 252
240 56
408 421
123 417
36 401
311 23
130 204
13 166
85 143
449 108
109 162
338 119
381 412
370 234
72 227
342 209
190 379
424 400
208 2
231 294
189 356
118 349
11 215
396 68
409 255
334 337
425 336
256 206
117 85
347 358
450 214
399 354
392 348
386 186
278 318
327 168
254 172
9 163
446 192
78 138
64 251
387 317
31 346
312 95
248 12
152 131
192 430
221 378
447 30
28 333
288 120
122 429
409 199
232 423
145 8
370 35
38 389
84 323
329 355
331 174
264 116
218 44
98 293
404 266
253 152
334 242
177 224
257 30
159 329
423 114
105 236
214 155
98 162
121 196
194 21
250 314
13 300
253 220
227 418
324 334
366 47
30 409
35 277
246 102
92 422
447 324
295 58
105 96
212 379
261 128
87 52
263 235
192 123
260 15
203 107
281 210
430 165
148 341
337 26
115 153
257 104
290 42
160 164
231 402
269 351
410 412
82 319
157 10
385 26
441 178
449 57
408 245
261 121
94 107
438 350
63 246
223 14
88 180
206 111
299 42
261 240
10 278
411 131
342 307
439 315
169 66
203 196
189 156
269 255
449 267
18 213
93 18
358 376
84 137
35 119
21 423
153 404
124 61
39 238
412 181
175 146
70 144
46 221
96 92
346 411
225 400
22 395
9 109
143 380
20 9
310 259
179 312
256 169
168 58
171 14
216 180
127 339
306 17
106 44
35 305
154 298
56 332
203 88
153 238
183 392
338 449
170 14
158 325
194 402
376 109
221 56
28 114
42 30
304 408
449 86
357 271
111 178
311 54
137 229
114 199
25 139
37 292
218 345
246 98
39 206
137 125
199 192
314 36
23 223
153 222
160 188
383 258
257 368
274 297
166 355
222 54
427 424
427 425
178 383
160 163
410 146
78 386
176 96
157 214
381 170
300 386
196 401
396 421
150 432
297 342
315 57
434 303
10 129
179 144
93 294
163 336
129 137
144 52
103 312
329 422
369 311
138 253
332 276
262 355
417 277
194 329
42 386
211 101
395 97
385 174
394 201
314 362
186 128
72 335
23 255
74 202
341 187
280 109
373 42
367 75
100 439
53 310
141 172
316 366
315 4
309 320
84 243
120 254
99 144
250 367
217 276
152 25
405 57
81 388
337 352
402 235
192 195
168 69
374 11
360 307
190 283
174 48
401 398
436 406
6 67
60 212
137 398
256 131
301 42
431 345
134 273
141 278
360 318
163 338
279 371
442 409
135 210
401 156
311 282
378 332
293 416
117 34
319 155
329 108
85 387
196 104
310 375
11 132
342 87
64 361
374 120
30 328
120 337
312 108
387 176
426 88
322 125
234 438
271 317
192 386
102 439
262 285
321 43
325 122
294 153
1 229
122 229
250 47
156 360
347 239
238 312
63 386
112 32
346 287
121 399
233 318
266 146
427 317
251 345
221 105
168 57
420 299
143 158
399 128
448 163
339 325
213 435
104 255
173 245
50 183
321 235
427 273
136 102
393 287
16 29
357 244
383 29
317 150
439 279
315 92
442 355
310 146
123 217
354 177
13 89
364 403
220 325
104 354
66 74
379 322
225 146
47 194
432 124
395 223
273 402
166 299
132 268
308 81
416 245
38 79
57 117
110 196
141 186
428 225
131 324
206 202
440 266
441 428
48 63
129 66
307 126
127 248
369 134
349 290
286 339
265 184
440 339
114 151
52 66
118 371
48 329
285 335
138 43
231 266
369 36
264 2
216 225
28 12
269 246
98 203
223 289
301 385
48 339
404 100
39 24
363 443
205 221
190 352
256 179
423 99
444 290
187 40
354 321
184 116
215 221
63 62
257 143
410 185
175 295
251 194
319 284
263 247
171 280
447 240
68 326
232 292
136 393
379 219
126 406
97 59
407 75
446 91
384 123
105 113
312 234
121 194
19 320
171 80
412 98
116 89
11 4
126 187
62 271
100 422
155 120
227 248
64 82
130 398
74 207
354 396
156 49
411 338
428 282
41 101
226 296
128 116
191 149
364 124
260 31
2 222
200 414
400 3
279 137
262 351
5 424
315 259
425 136
84 327
211 314
382 300
398 326
48 383
357 217
166 379
393 178
95 5
83 217
379 300
84 413
430 202
178 391
415 178
108 243
318 132
37 169
411 235
309 193
42 50
172 43
80 6
111 156
73 304
422 60
84 411
362 114
47 54
422 298
223 436
143 345
428 11
245 194
422 360
266 251
155 254
219 338
183 73
222 367
400 155
227 379
441 102
293 16
181 137
147 52
290 269
188 274
336 298
396 79
25 234
127 258
409 427
319 114
35 152
202 450
179 237
160 334
286 175
231 57
137 303
435 187
280 19
40 28
246 274
27 422
238 408
442 335
345 282
382 414
378 305
52 215
432 282
413 333
8 410
297 423
249 383
301 253
364 114
321 261
391 439
210 288
119 148
447 1
57 149
129 402
116 404
178 172
71 187
105 389
445 354
154 392
252 243
100 163
86 360
295 352
77 161
232 232
68 61
288 310
42 243
68 325
300 369
301 88
320 364
133 93
396 12
434 16
287 315
171 201
10 24
254 50
30 100
54 443
323 298
421 64
318 243
161 21
24 404
167 66
103 67
217 439
189 22
283 128
207 236
354 298
386 113
6 250
232 62
141 402
364 89
369 114
43 382
261 201
305 261
402 234
173 182
44 83
153 84
38 157
121 343
378 36
36 327
301 200
447 440
67 32
17 181
242 114
217 449
22 84
360 18
369 212
217 55
443 154
350 59
254 168
162 83
363 14
415 406
293 361
117 340
439 266
173 82
299 398
175 367
218 134
118 431
341 261
127 352
284 409
412 208
161 192
132 302
23 316
374 40
307 420
358 66
69 97
265 354
420 33
310 272
446 58
44 106
198 33
109 207
407 257
322 62
349 150
91 15
370 269
401 56
271 174
236 405
221 216
316 152
104 119
48 327
90 256
108 361
228 208
207 14
440 271
321 109
415 137
374 371
413 209
3 147
278 352
125 43
85 180
376 207
192 272
201 136
176 439
146 112
148 31
102 270
265 267
411 101
282 265
208 158
185 13
350 21
396 97
316 90
420 388
339 407
365 210
302 314
274 223
227 245
128 313
350 13
122 197
53 316
266 51
24 380
123 230
171 398
279 246
105 336
434 321
93 402
83 54
403 264
420 405
263 53
52 61
417 398
355 258
420 394
399 181
312 69
193 42
122 309
115 236
302 404
95 308
36 277
368 120
189 433
424 392
35 447
275 201
310 392
354 55
25 376
29 431
200 269
371 23
165 92
309 367
306 290
391 349
406 413
326 82
36 88
282 194
259 397
199 21
72 216
137 441
12 149
385 49
177 275
209 414
133 323
72 267
438 444
298 375
4 275
379 235
150 226
388 298
444 314
65 85
295 438
292 249
282 318
431 376
424 115
446 316
376 165
77 100
426 320
427 220
246 97
280 143
201 372
83 50
325 433
11 46
264 416
121 81
150 238
366 447
252 401
155 20
198 448
156 236
267 5
418 426
19 267
441 377
6 229
322 389
274 164
252 290
39 99
145 432
67 369
201 252
370 236
292 234
297 443
334 246
11 93
47 39
18 362
31 165
339 153
443 429
174 384
43 58
301 115
247 184
294 55
27 98
274 159
148 156
436 335
268 190
307 203
14 38
387 329
408 271
270 121
399 119
355 238
367 50
25 238
134 310
294 185
382 347
79 282
10 117
448 231
140 344
337 264
96 245
440 320
391 365
142 216
445 337
437 16
159 364
401 263
387 140
415 256
286 20
319 126
60 31
355 114
378 15
353 307
166 271
210 242
429 211
267 377
321 196
189 377
107 169
292 131
418 179
91 341
148 277
16 419
292 7
329 175
340 441
244 427
74 373
84 414
29 239
141 35
358 191
104 388
449 75
165 417
434 351
43 205
329 110
145 25
446 360
75 11
235 372
383 223
315 91
246 399
251 196
1 232
210 260
353 297
289 410
83 80
232 233
372 126
418 258
382 176
317 288
79 316
188 197
280 429
199 372
128 367
67 5
22 429
153 126
291 366
200 402
98 418
230 355
179 9
431 346
434 338
360 440
26 256
135 349
319 441
164 228
69 240
128 431
270 388
301 242
203 190
57 10
282 321
119 14
390 242
235 331
238 218
75 233
119 219
295 317
173 188
174 410
82 417
158 119
107 5
23 347
105 224
91 291
285 149
207 326
34 109
362 370
300 28
186 438
89 292
99 22
13 371
92 220
71 197
140 193
363 370
293 196
26 93
18 331
446 61
176 343
34 251
368 319
347 22
138 380
355 429
49 125
357 123
1 47
82 315
319 232
43 82
287 213
36 241
123 105
59 37
107 227
246 369
163 317
125 292
326 345
357 71
112 44
61 341
240 196
67 433
240 257
254 435
84 240
254 410
400 98
364 321
347 302
448 396
241 100
310 44
219 169
78 124
434 441
161 120
383 67
441 422
44 10
89 177
399 141
129 440
27 116
419 31
200 89
31 199
241 273
32 55
31 223
91 285
206 170
234 274
112 416
353 275
60 48
357 252
421 234
226 446
17 304
203 165
288 184
196 250
229 371
191 325
29 56
238 36
214 372
138 19
387 100
392 352
283 174
434 273
51 405
404 321
383 323
301 422
258 75
124 317
249 234
202 1
104 342
190 60
384 324
34 368
138 369
64 98
217 351
83 71
168 63
85 133
375 223
364 232
143 70
139 222
91 177
239 228
335 177
404 234
357 101
397 260
232 12
356 3
234 179
286 443
405 197
336 259
104 62
345 147
223 111
370 257
152 46
383 130
305 406
28 322
69 15
190 85
409 83
315 297
90 385
91 253
133 165
106 13
41 437
340 8
49 372
265 331
308 218
133 43
203 229
286 138
85 230
119 318
402 415
333 59
100 194
195 86
71 441
31 164
266 262
270 433
148 180
178 414
333 201
237 60
172 412
239 256
122 411
218 84
183 72
156 110
228 132
134 360
277 365
299 192
57 280
409 159
145 221
346 211
425 272
165 397
393 219
20 373
164 48
347 352
93 301
350 63
210 21
196 311
249 212
387 121
198 134
354 336
115 22
346 83
105 43
265 30
13 246
86 221
266 413
259 151
182 87
167 83
86 72
41 297
329 35
35 143
335 163
107 296
225 170
288 58
234 199
206 360
322 352
312 320
337 134
195 316
110 207
276 408
83 357
312 148
217 24
416 204
150 174
162 3
361 303
335 35
181 184
58 383
321 329
425 57
132 240
186 74
190 226
78 382
169 157
30 230
332 320
383 30
230 300
167 29
172 90
381 134
178 261
28 228
371 368
186 318
434 111
432 102
34 50
274 323
342 431
381 310
244 21
329 104
56 423
216 410
136 422
193 284
31 240
269 438
151 347
334 432
229 25
405 260
28 335
340 92
380 43
425 414
341 252
391 418
113 199
19 303
265 394
143 323
431 78
238 195
343 53
98 219
439 397
198 269
419 183
386 157
88 109
169 341
223 315
258 280
228 214
59 440
273 437
11 323
178 68
57 156
23 291
174 22
187 5
288 29
101 4
293 111
237 198
111 343
7 392
73 89
299 385
130 141
38 304
215 429
126 286
432 311
231 356
94 103
206 295
59 178
259 157
37 357
189 368
148 299
391 169
215 149
280 30
87 205
337 383
349 196
89 226
91 333
337 265
312 279
420 293
294 56
422 89
227 234
141 358
85 388
408 212
78 302
354 259
304 293
336 8
359 39
178 201
203 234
317 48
273 366
366 381
211 293
239 172
151 272
73 87
8 156
146 272
429 305
33 200
355 268
193 335
391 435
30 257
443 277
342 296
104 401
206 224
306 402
250 219
74 408
424 149
229 216
119 151
199 343
110 230
58 388
135 27
250 391
255 339
51 425
99 78
336 443
74 313
135 129
99 252
204 81
99 30
21 328
378 33
23 326
62 151
307 373
414 333
58 296
328 330
175 256
349 371
53 250
416 442
178 213
126 244
313 58
211 323
64 137
153 109
197 285
376 438
229 133
405 387
316 217
261 191
244 272
117 56
177 66
164 334
113 251
252 345
187 234
153 337
199 221
137 335
412 250
372 277
289 176
268 53
420 259
366 266
60 93
385 171
262 169
213 17
398 432
163 157
83 48
143 165
162 162
41 159
164 184
381 163
163 223
156 230
181 301
113 28
311 447
124 6
117 408
367 287
293 88
114 155
306 66
212 93
243 36
184 64
104 193
298 91
409 364
219 312
72 328
175 415
320 387
184 417
334 410
125 418
309 190
314 294
105 428
79 279
149 38
432 92
438 36
78 167
32 281
81 17
259 65
299 439
348 22
447 190
182 370
329 32
355 292
44 431
380 9
143 43
361 340
355 436
303 369
97 349
350 45
448 419
8 348
278 188
271 192
119 155
110 299
20 299
72 87
39 178
296 37
76 384
117 418
185 336
289 100
151 192
306 253
358 204
56 261
126 118
26 65
424 2
30 444
297 115
249 82
445 42
44 385
70 298
299 189
321 303
26 337
55 183
136 312
256 241
249 397
20 285
392 421
196 157
301 298
176 426
28 428
310 401
75 349
365 170
94 370
273 337
11 281
169 192
332 51
210 448
180 347
133 21
434 103
258 399
100 254
210 40
444 222
54 432
383 82
430 89
65 40
39 67
443 327
28 248
193 114
336 226
316 254
50 40
46 278
420 316
289 4
223 160
366 14
445 238
156 443
108 352
127 85
165 210
355 284
289 17
242 289
19 232
21 87
113 89
175 297
102 86
31 382
103 443
29 237
383 189
408 409
447 322
13 253
97 191
449 137
155 41
119 164
105 356
409 412
333 338
81 445
28 41
33 277
414 410
87 281
211 338
88 319
76 5
42 130
442 410
133 329
220 213
89 379
14 230
369 295
33 297
64 356
218 260
66 349
138 63
109 36
304 126
5 294
392 225
293 365
119 427
3 403
404 404
44 360
332 406
94 75
274 132
73 213
448 391
23 31
203 183
149 379
310 212
40 450
296 190
192 260
140 93
258 117
345 163
175 208
20 440
447 106
341 420
89 135
91 160
421 368
12 348
156 316
397 144
98 193
46 64
370 11
235 49
411 110
207 410
196 346
335 110
233 68
241 5
245 44
420 141
153 445
250 282
185 286
133 133
114 282
262 296
225 282
204 164
333 101
322 141
380 136
360 311
381 191
38 430
334 279
255 245
239 123
442 113
265 291
14 419
320 71
102 226
109 432
308 36
380 95
314 167
149 307
47 52
360 78
241 264
121 2
397 87
393 24
394 395
60 292
76 25
360 25
97 330
167 73
444 304
336 204
195 55
225 171
361 150
3 49
358 117
189 375
26 112
315 414
408 232
189 342
35 360
352 281
351 319
200 19
320 2
331 228
279 437
265 356
25 340
438 300
331 405
219 135
384 399
253 341
194 281
414 291
426 436
207 165
385 312
264 100
241 382
157 223
85 366
87 445
49 335
324 111
314 218
356 57
114 404
246 269
380 56
276 57
280 107
133 413
414 368
401 124
262 313
201 25
163 329
120 26
130 316
400 61
136 197
75 335
2 158
208 56
373 199
25 162
48 260
212 116
94 13
216 336
108 336
250 305
71 66
155 383
49 206
126 147
300 6
120 63
325 394
259 424
195 58
317 422
251 395
50 222
420 156
256 129
327 431
247 207
250 139
49 225
447 319
331 182
268 260
36 326
249 376
399 199
440 265
423 93
389 25
39 252
339 110
116 30
138 276
85 187
398 390
35 14
39 180
392 34
369 79
78 289
161 279
69 41
166 293
32 136
298 332
281 169
334 145
162 319
222 238
250 142
98 142
262 359
380 103
176 363
167 251
239 424
111 114
319 271
62 349
357 190
183 368
428 49
379 20
92 174
402 432
210 143
289 154
33 81
117 128
308 302
371 17
178 285
86 167
169 171
434 194
131 182
18 184
254 6
182 442
315 272
147 319
94 53
444 251
413 3
154 410
214 135
82 211
334 267
385 213
75 64
297 308
166 48
415 220
50 416
365 390
410 389
184 104
319 86
275 73
436 72
252 318
70 226
368 36
438 291
448 225
7 337
55 294
396 175
52 204
171 172
39 320
323 167
93 29
327 9
434 32
338 416
399 250
254 438
176 167
68 80
384 301
263 275
346 212
202 104
147 283
112 218
310 197
73 408
366 437
22 212
158 277
299 197
226 146
126 146
157 114
398 240
59 435
116 7
231 29
190 369
303 368
428 398
297 322
137 270
305 180
22 268
4 100
335 115
218 99
257 444
386 202
32 269
357 306
390 38
55 123
47 339
243 166
7 341
138 233
148 6
174 250
143 126
357 303
383 214
248 82
4 449
343 133
354 130
229 415
220 301
25 143
261 275
210 186
153 344
150 421
171 98
215 361
158 189
373 367
107 346
74 379
200 250
119 115
396 355
222 399
294 304
253 68
41 306
125 173
181 395
97 5
372 251
127 148
47 359
175 92
12 376
343 214
370 333
157 180
216 362
233 207
314 121
142 248
167 193
205 140
246 207
326 48
285 181
291 184
15 350
337 412
399 390
130 130
92 406
385 328
402 24
357 361
349 447
233 146
132 308
265 36
324 212
436 37
145 407
258 445
146 77
317 427
274 37
219 340
185 129
259 176
304 101
445 379
18 239
144 443
18 152
226 99
25 339
252 441
44 420
426 354
441 306
338 300
74 123
75 42
289 183
158 81
50 210
387 37
128 153
153 65
438 246
385 82
138 73
233 278
155 156
50 202
218 214
360 76
34 81
73 42
272 208
280 440
398 196
373 348
6 151
23 293
251 80
220 220
227 336
167 219
253 342
133 227
418 231
221 271
5 163
421 3
128 314
225 207
236 325
396 228
391 281
322 233
422 396
153 39
255 278
404 189
327 340
126 367
218 352
110 8
90 202
417 334
158 53
276 144
95 15
244 235
448 345
407 366
214 391
102 152
343 323
306 65
176 437
359 249
49 438
8 340
87 237
284 211
146 328
187 265
440 414
247 123
386 338
361 248
22 47
33 301
198 309
344 288
433 288
401 20
151 266
79 334
210 388
56 367
446 398
218 316
274 73
397 328
304 226
245 43
118 96
340 93
363 163
421 288
99 147
391 156
244 199
92 291
127 438
411 447
450 403
357 97
425 261
286 269
441 381
330 316
181 268
291 320
329 18
84 193
104 317
260 351
380 190
345 200
31 6
11 390
449 54
72 1
241 20
273 376
250 352
192 405
149 154
350 31
449 302
153 2
103 39
141 325
234 432
92 446
225 129
444 291
146 260
33 201
110 401
397 191
5 115
103 288
422 438
320 228
268 80
17 141
421 378
380 445
9 367
385 142
203 450
276 162
37 94
294 305
354 446
273 20
260 79
191 387
277 21
133 104
221 142
383 380
302 73
329 438
102 324
17 192
364 16
421 213
211 370
247 235
371 106
315 302
318 61
319 5
275 287
43 6
128 94
56 440
129 188
214 23
354 93
327 144
163 151
43 26
46 237
187 39
243 216
65 170
250 386
299 9
283 256
378 149
286 327
126 131
36 39
419 390
190 304
342 25
384 436
413 302
439 449
439 384
23 16
135 417
390 266
7 366
162 67
78 121
66 364
401 446
76 304
230 216
116 265
96 152
333 136
67 2
422 196
417 344
372 26
39 56
230 91
45 390
302 75
96 306
206 126
143 94
88 78
207 407
83 384
387 147
52 326
83 443
435 132
213 140
230 83
443 46
179 38
179 299
26 113
163 87
399 262
399 317
362 305
302 402
34 409
355 415
237 99
363 125
30 362
251 319
218 384
334 27
82 103
125 434
387 261
187 64
159 355
281 144
149 340
429 174
380 441
86 31
392 369
269 443
138 291
432 186
289 273
360 381
229 184
445 120
224 296
157 245
73 65
289 238
246 408
383 40
217 72
135 365
420 58
111 405
342 398
314 84
114 327
345 390
266 435
421 306
367 335
170 323
2 367
377 175
317 389
424 369
409 321
117 206
237 445
110 259
353 131
417 61
57 445
193 155
189 217
300 54
450 94
272 379
406 300
244 131
221 274
179 131
170 283
381 362
136 51
379 289
236 124
440 213
201 222
232 296
433 40
408 195
237 48
196 365
216 297
118 291
351 324
63 46
172 407
330 54
292 403
26 357
285 76
158 406
66 173
436 283
436 329
167 143
316 161
143 58
234 299
166 411
144 130
418 118
100 234
439 270
58 443
372 133
243 433
156 141
309 146
72 288
142 425
370 5
262 251
248 262
319 428
95 349
367 31
355 24
355 78
106 309
71 240
177 222
248 357
433 319
101 347
360 272
379 172
333 168
91 56
369 94
303 87
117 270
202 358
31 274
146 285
2 96
421 448
288 258
96 119
110 438
385 270
282 422
233 193
395 20
64 274
448 428
10 137
37 182
417 362
283 222
80 123
24 242
406 41
10 284
25 218
194 191
76 345
81 282
227 322
99 269
372 441
162 346
310 193
417 418
68 32
74 401
221 436
273 278
358 165
277 87
81 268
428 253
406 80
121 230
215 234
402 200
67 148
296 397
194 309
199 101
311 86
78 420
23 11
224 359
233 436
195 170
86 397
240 263
289 438
267 376
432 226
377 176
75 220
432 115
298 178
85 450
450 24
258 389
53 88
82 382
4 29
9 259
221 337
415 323
306 79
87 44
226 371
382 316
427 272
356 276
83 17
224 179
230 66
344 420
352 156
55 13
133 101
427 423
152 83
130 295
82 334
157 100
72 26
404 429
16 236
193 320
278 360
193 243
362 254
228 277
205 128
114 353
99 49
114 446
147 394
249 352
413 174
421 191
141 281
125 122
192 285
412 241
305 294
245 131
143 173
383 430
176 411
198 44
304 190
173 345
408 145
403 427
280 46
450 341
163 328
107 19
408 269
132 450
410 73
450 261
41 148
11 12
138 286
424 93
154 67
433 271
120 109
33 242
371 70
426 261
34 234
108 77
190 298
155 350
142 258
111 291
96 40
355 104
23 81
270 226
195 227
439 80
170 121
445 328
355 176
392 449
346 293
76 247
314 408
402 268
435 94
40 301
60 103
345 166
270 23
203 57
75 171
238 93
254 117
396 28
178 266
425 341
173 283
356 268
435 230
410 164
448 351
52 188
46 190
32 400
15 257
130 113
357 291
352 260
367 101
162 171
443 26
96 256
252 184
364 173
427 50
194 318
199 448
378 56
38 288
278 308
375 346
88 349
74 403
73 144
9 23
8 444
255 15
58 268
282 354
178 64
403 217
261 370
427 308
273 138
250 237
82 34
359 321
443 412
251 450
157 109
42 41
368 368
289 421
450 52
135 278
228 405
5 239
314 329
305 410
91 147
428 80
54 424
341 293
192 11
283 11
170 361
220 179
70 322
61 136
80 358
393 171
443 203
189 190
422 58
222 56
123 397
379 399
205 371
114 352
283 294
29 265
48 58
53 185
107 101
436 94
337 364
356 216
336 221
264 248
96 178
19 174
240 165
8 9
385 368
251 296
155 201
177 313
73 343
135 268
438 280
365 127
265 24
211 345
38 19
103 267
251 102
314 257
245 374
189 264
24 210
384 261
89 282
405 154
38 378
284 227
177 307
123 321
267 439
257 32
66 91
292 105
300 433
89 401
79 340
64 403
224 447
113 442
85 5
115 231
8 242
371 353
78 319
184 3
99 170
170 275
63 257
29 130
316 42
299 30
438 135
57 360
381 354
281 150
297 121
140 314
167 388
212 146
130 67
153 182
184 448
132 229
196 206
294 388
78 387
384 149
120 1
196 329
171 292
150 235
382 423
199 295
384 322
32 307
322 35
131 411
215 438
70 328
58 450
93 233
19 373
305 71
6 376
436 151
181 190
217 409
220 80
438 264
447 238
314 97
174 199
66 9
24 206
323 58
95 157
250 118
450 364
342 136
49 2
55 326
201 121
107 321
50 94
321 302
417 172
249 139
432 177
175 374
174 348
235 310
87 17
364 265
256 335
335 436
366 414
339 360
238 280
93 244
172 120
262 6
375 303
394 430
175 362
36 212
195 423
256 117
6 35
297 296
217 410
158 351
57 228
168 343
357 69
89 415
142 145
29 222
447 442
19 166
321 198
105 250
49 353
338 171
186 295
44 317
443 403
57 342
165 330
131 345
174 9
303 334
387 195
52 442
232 355
59 417
92 312
85 320
54 74
160 149
162 80
418 141
398 450
322 434
160 184
349 323
77 374
98 402
359 145
245 277
353 402
345 401
448 273
212 335
446 5
174 178
419 401
397 280
269 338
300 10
358 113
411 134
78 152
415 164
343 99
26 323
147 217
14 448
276 297
98 251
264 90
160 56
106 155
166 153
438 366
267 118
204 97
248 325
280 402
324 277
409 1
326 375
173 93
347 190
325 179
193 226
131 256
40 121
228 355
336 104
200 416
179 41
306 48
282 371
269 258
313 231
56 93
105 421
158 409
80 290
252 388
173 374
182 287
157 273
372 332
426 173
62 343
4 135
259 69
80 331
376 55
371 138
171 26
329 255
289 198
439 317
32 114
207 285
259 353
231 413
30 76
115 380
384 308
178 240
192 216
1 398
207 30
219 49
381 372
361 428
58 338
35 283
104 183
11 189
65 12
313 375
427 33
295 303
102 266
440 297
113 290
102 374
17 80
112 289
107 161
7 258
396 184
438 343
384 441
336 426
317 51
1 353
443 65
126 168
143 182
366 225
234 155
404 230
17 263
223 288
421 261
217 376
247 359
242 307
284 368
43 230
300 267
227 269
44 96
324 327
390 267
415 28
372 184
185 20
108 325
29 173
53 64
398 222
145 37
351 299
11 217
185 214
32 7
376 213
289 404
311 152
201 2
24 216
317 241
314 301
147 382
258 152
360 260
135 443
45 102
330 445
94 143
311 238
18 426
133 42
405 49
372 282
243 185
416 27
386 125
283 39
301 379
434 144
29 385
317 435
225 419
66 203
163 445
144 106
71 436
21 436
315 304
298 223
269 23
443 114
259 111
58 226
171 41
107 391
150 122
283 345
408 115
247 132
139 292
389 336
300 353
246 434
348 393
332 240
194 14
402 202
427 279
352 313
103 241
256 73
84 303
73 110
444 146
173 354
9 308
20 118
200 277
58 362
258 260
212 75
10 93
185 200
197 342
396 426
406 260
449 437
207 49
136 160
317 381
296 241
424 243
217 178
350 133
268 48
375 53
164 239
75 318
229 31
340 248
76 11
373 4
144 409
383 22
188 445
37 44
274 127
58 175
348 206
217 218
6 413
219 76
248 133
52 192
389 437
84 231
48 50
343 67
397 182
242 326
295 364
304 359
128 289
296 171
391 447
423 396
352 26
247 79
276 203
86 67
115 418
437 271
56 134
119 69
62 385
41 197
223 182
14 148
48 332
86 163
224 290
387 180
150 52
49 36
155 304
173 427
88 52
118 348
113 218
166 110
383 335
255 79
24 166
230 249
70 447
328 311
438 203
265 142
90 177
7 81
29 49
149 367
36 354
398 327
363 117
354 395
331 244
48 115
285 201
99 425
171 37
391 227
244 309
142 185
365 222
4 255
7 382
166 39
354 189
68 322
89 200
195 420
193 238
63 353
110 120
368 397
168 330
18 191
143 192
312 351
369 437
300 145
151 208
314 401
286 216
222 338
120 282
89 335
376 119
124 216
398 333
207 402
17 138
35 176
30 316
302 232
316 260
13 114
118 309
350 352
301 417
204 146
34 13
437 172
445 397
201 369
274 145
400 106
117 156
103 157
73 94
227 301
45 218
415 87
423 418
436 430
431 250
156 439
221 255
380 250
255 16
361 411
354 204
214 165
82 440
95 114
359 199
105 73
24 27
46 207
304 108
83 441
224 71
101 224
370 355
443 217
429 389
10 12
42 368
263 37
441 368
279 200
150 227
224 401
24 66
148 130
27 310
402 226
24 413
382 174
118 220
36 431
410 217
343 213
232 348
185 111
279 366
52 421
362 340
231 238
53 66
234 42
418 386
139 220
132 423
65 372
392 170
51 213
108 125
81 335
431 257
257 219
398 159
449 3
339 402
407 164
287 68
187 55
188 52
208 328
114 169
274 386
167 25
415 112
284 258
407 427
259 326
67 199
383 339
429 393
321 353
355 242
272 277
442 396
225 89
397 297
1 337
253 107
200 356
272 92
158 50
419 10
79 347
121 397
117 278
194 46
162 252
175 32
37 188
161 276
174 71
263 173
161 259
214 294
382 219
69 219
97 400
426 168
2 444
196 201
180 160
435 264
210 251
240 223
161 296
95 37
155 447
277 17
71 256
440 312
287 131
91 236
101 371
400 362
430 418
56 304
7 273
408 213
334 11
145 408
110 424
447 3
270 6
56 408
257 397
405 219
86 172
299 1
6 47
12 292
302 205
284 127
15 335
396 231
39 314
272 170
223 59
141 338
122 319
14 20
74 196
413 191
239 240
341 107
137 199
172 332
262 110
210 329
418 429
441 318
235 201
241 296
277 256
151 12
111 277
214 394
265 342
294 143
279 72
281 122
209 136
226 287
292 272
163 187
366 209
198 138
304 186
198 275
297 130
363 195
172 1
345 302
187 276
260 223
420 345
61 73
110 291
151 444
363 302
176 299
81 376
28 205
145 211
365 61
28 167
311 63
106 35
211 329
248 227
271 39
344 139
430 383
349 55
201 211
319 15
395 165
13 54
310 25
287 178
123 384
270 12
204 412
372 127
149 19
391 114
213 6
27 208
265 381
100 146
66 236
248 101
342 448
385 272
312 136
153 220
36 385
418 441
142 307
351 359
188 394
140 226
62 210
189 337
156 339
211 308
80 251
270 439
367 218
437 434
316 234
391 370
322 215
436 236
210 113
320 316
392 104
50 25
287 372
155 356
33 286
423 311
185 169
93 259
133 307
354 24
16 428
6 233
255 82
173 88
301 275
399 360
125 380
354 391
427 274
259 152
405 298
46 431
85 307
74 204
49 55
113 1
5 95
284 90
186 117
365 223
86 210
134 337
357 257
436 90
77 268
437 358
294 441
135 5
202 399
212 308
248 50
225 349
271 201
436 100
42 60
368 393
387 88
268 329
158 69
54 159
282 48
6 396
233 281
30 235
305 127
256 96
295 138
318 302
122 153
112 412
236 222
7 360
320 111
240 267
239 149
295 173
20 3
125 365
370 438
36 276
233 190
237 340
249 399
56 100
328 77
166 72
279 386
69 188
232 247
23 314
208 237
233 270
236 48
141 181
236 443
14 56
359 335
386 397
44 123
361 85
103 373
98 5
308 91
51 262
424 234
449 155
174 393
6 75
165 22
341 210
318 188
119 237
227 329
443 18
73 29
445 181
393 202
98 242
394 340
329 149
3 263
351 434
14 289
67 312
130 142
204 82
354 10
383 52
99 27
22 66
297 284
399 176
120 402
421 7
376 23
389 318
90 440
64 44
115 32
157 113
109 318
446 197
146 166
101 61
23 312
34 104
296 143
212 163
19 43
133 328
90 50
149 205
239 261
66 235
223 186
175 26
80 393
236 89
225 210
155 13
338 253
303 315
423 123
283 113
334 146
80 93
64 317
199 134
123 236
325 187
125 383
35 158
393 310
363 30
17 174
122 337
327 84
306 327
406 136
448 116
156 119
189 108
204 249
367 182
39 231
288 285
3 193
407 151
190 146
259 222
343 238
233 322
14 221
122 409
317 219
41 35
436 96
38 290
331 297
277 440
242 230
377 332
357 365
158 104
283 408
303 222
356 397
94 211
79 163
187 398
115 431
282 337
169 405
293 12
120 329
412 172
263 414
314 187
124 293
85 100
297 42
119 114
125 274
412 15
403 259
270 149
384 354
430 243
39 313
284 181
203 159
428 366
47 36
212 195
41 71
284 24
443 198
141 330
202 248
331 221
415 240
58 309
129 238
315 12
343 194
28 3
381 110
348 84
62 114
227 54
6 46
233 393
289 89
210 53
352 419
304 145
195 336
172 279
179 283
247 318
394 283
224 294
438 313
437 416
318 435
403 286
249 286
155 102
401 320
162 292
347 71
288 260
444 244
312 232
332 264
328 301
260 226
192 172
121 328
425 421
208 415
270 206
242 302
405 228
54 284
189 70
344 176
73 189
296 34
152 98
114 263
323 392
371 249
320 156
220 52
228 244
123 244
249 276
408 182
75 354
304 225
265 335
43 290
351 232
128 180
126 423
30 210
166 63
73 245
3 355
132 54
59 62
300 181
349 230
227 291
103 156
372 17
433 181
48 38
165 401
211 251
411 241
322 261
339 268
134 308
24 327
401 205
447 263
278 434
7 402
387 396
18 197
125 326
3 377
222 146
226 170
50 381
350 32
166 334
161 334
197 282
164 414
318 345
89 7
402 181
367 296
201 374
65 59
143 247
96 88
213 361
119 358
58 159
351 205
91 137
272 194
328 57
64 268
410 371
190 421
260 134
331 29
77 83
381 238
59 381
115 302
258 91
50 445
68 59
201 362
267 119
215 85
152 243
412 186
4 238
325 223
152 52
91 73
190 83
45 355
32 239
41 99
61 171
102 105
172 351
392 406
90 118
268 291
288 114
224 441
288 427
380 16
133 263
165 112
116 215
213 89
326 258
374 262
204 403
372 302
339 129
81 49
99 62
140 298
212 383
403 155
108 27
311 160
304 319
150 101
170 128
443 398
75 116
416 37
112 437
429 48
378 341
270 235
374 72
254 228
372 323
127 392
308 253
229 78
398 91
359 158
430 412
186 249
252 308
294 43
75 74
290 324
63 127
439 324
227 296
211 391
96 250
184 153
22 34
2 423
29 162
75 395
77 197
261 89
247 392
429 439
115 433
93 182
415 322
55 407
178 345
176 155
96 129
414 411
2 306
97 173
3 23
38 447
428 53
159 339
124 129
423 399
184 88
339 188
151 129
182 272
336 299
9 214
146 58
397 349
386 63
37 160
122 81
330 333
237 71
176 399
348 109
335 123
348 188
41 112
165 329
36 70
236 270
23 65
102 88
54 379
194 324
142 230
292 398
246 347
418 61
286 276
333 147
278 343
338 313
81 11
73 81
444 206
54 206
80 244
185 327
326 197
108 411
29 226
403 323
46 106
416 32
440 77
251 119
386 430
379 283
2 390
10 308
427 158
369 100
267 60
151 318
52 450
54 28
430 374
433 393
251 349
102 48
231 196
246 190
149 104
108 364
58 435
375 193
274 405
141 307
385 339
292 240
325 360
116 71
84 260
46 5
79 385
411 448
416 5
104 438
117 144
17 194
241 260
142 377
243 346
446 273
427 413
127 282
306 289
407 380
62 39
177 173
99 320
420 246
206 412
57 178
24 371
371 15
38 184
161 78
230 58
247 90
375 353
233 317
390 46
114 127
271 360
77 327
231 199
1 366
65 116
334 373
227 258
99 429
396 447
213 83
179 6
39 168
357 189
202 63
156 242
323 34
78 194
223 360
400 90
271 418
361 109
136 399
66 242
162 268
404 330
244 147
45 213
244 402
319 358
259 116
346 70
349 132
50 206
97 36
297 384
318 413
273 406
415 339
386 238
176 294
97 249
342 289
331 167
170 363
9 418
124 108
393 254
181 338
146 155
380 219
51 268
298 105
98 207
258 421
184 202
43 415
207 48
228 307
226 184
63 450
289 101
247 367
332 353
132 237
220 275
187 297
13 64
411 342
182 77
277 363
360 383
322 265
34 204
365 14
158 72
139 363
395 49
83 161
450 5
263 167
421 208
225 446
117 281
274 30
329 46
434 388
119 370
7 385
273 333
30 295
180 259
22 446
237 160
258 29
414 146
409 256
343 123
345 119
245 103
173 151
215 368
292 384
176 194
240 324
104 150
249 105
221 119
173 10
410 111
361 266
283 426
87 143
277 402
58 108
413 316
332 268
308 445
130 379
128 308
211 366
262 301
155 91
90 79
143 83
371 405
58 423
118 320
16 193
264 61
342 65
390 297
398 321
434 332
431 252
209 123
47 177
363 430
395 88
263 65
303 137
365 146
20 125
297 285
248 288
131 55
53 436
354 234
322 55
31 245
176 103
187 429
29 274
304 271
361 346
122 138
366 147
121 21
121 390
354 194
62 181
304 49
126 68
67 361
26 16
276 280
195 196
250 434
224 363
182 148
10 130
248 400
446 381
141 270
73 137
125 443
164 7
346 413
185 161
18 358
242 250
42 93
233 379
64 405
271 178
102 275
274 298
302 438
152 74
403 400
318 425
151 78
29 170
382 310
371 115
449 190
51 100
318 245
388 244
5 64
395 54
230 157
378 129
355 38
336 44
98 378
37 253
109 418
86 162
40 80
373 10
375 217
123 102
383 203
162 443
98 17
248 374
86 213
243 158
101 104
120 399
180 297
185 445
359 64
408 391
32 221
141 55
124 289
302 198
427 227
224 6
359 22
362 128
415 184
285 252
362 352
239 379
75 294
446 37
327 259
428 437
235 171
272 21
190 195
44 440
176 331
91 144
360 24
229 19
99 1
122 194
338 238
340 179
419 368
427 16
375 240
266 305
338 342
54 280
86 302
406 203
55 153
375 275
99 328
162 444
256 319
91 47
408 180
292 417
261 294
426 146
194 158
183 417
39 269
119 104
323 326
397 352
416 308
219 304
302 82
415 185
332 73
297 85
1 102
214 272
143 263
387 399
385 50
235 299
428 326
348 338
442 190
224 306
418 19
189 287
270 268
56 289
92 22
175 428
177 441
311 339
12 195
92 385
185 201
198 129
405 125
232 66
243 385
133 225
311 432
318 432
96 325
181 321
179 439
296 373
232 127
251 158
214 31
152 298
285 83
163 4
328 421
343 233
63 343
380 315
327 182
135 11
197 415
395 275
159 144
165 191
254 443
246 184
189 401
425 276
275 200
151 377
399 266
97 210
329 379
229 106
380 324
250 411
58 125
225 27
99 103
165 288
324 131
144 236
67 261
85 250
395 304
27 268
437 148
7 440
134 94
351 412
161 80
388 377
423 217
8 173
309 179
20 279
419 7
283 292
253 87
254 103
27 295
143 232
381 100
104 427
157 158
299 373
337 320
365 28
295 57
393 328
192 168
398 7
122 23
87 371
328 243
52 106
166 351
219 132
82 125
19 64
358 169
350 358
305 248
327 322
123 390
54 69
49 447
94 317
15 77
234 168
320 123
409 22
431 150
128 157
370 445
206 4
305 43
234 287
438 430
265 192
251 357
184 445
257 260
404 318
207 185
201 32
335 319
335 370
255 220
354 309
103 20
115 261
281 39
206 52
381 26
17 238
408 95
86 131
258 204
85 310
25 192
272 207
363 261
66 222
374 331
119 83
299 399
247 269
57 30
187 275
372 342
93 234
438 186
309 312
363 448
424 428
24 444
130 95
68 10
58 7
197 185
328 344
319 80
107 422
150 146
61 225
442 275
23 117
208 113
360 184
53 12
220 29
218 386
224 415
397 45
434 297
380 309
382 22
334 107
148 246
270 31
18 288
267 411
353 103
85 20
137 326
108 46
225 291
84 140
171 151
263 166
159 88
171 405
416 71
433 424
262 205
199 347
327 364
399 256
306 27
68 157
63 109
120 275
366 178
206 159
125 315
253 436
350 86
38 241
95 429
166 176
76 134
381 166
195 359
80 388
301 432
127 244
276 13
450 263
391 42
412 50
146 113
202 210
191 217
102 350
15 274
108 326
241 196
398 4
249 224
418 369
73 73
241 435
374 288
448 46
59 222
267 379
123 40
201 145
284 25
7 39
205 25
250 190
158 7
300 141
383 15
374 68
19 71
415 413
174 336
105 26
194 332
33 169
440 186
56 205
413 146
388 432
232 434
351 442
355 317
295 51
92 266
59 294
190 148
125 123
107 83
254 116
111 153
363 63
339 62
125 404
10 304
325 363
127 69
185 287
160 426
400 125
100 12
212 246
214 232
145 341
49 34
325 218
86 177
392 150
274 52
57 417
179 94
421 16
215 132
232 308
210 14
145 164
294 89
54 277
269 45
371 401
380 356
397 434
385 132
309 236
257 415
40 42
352 210
263 218
326 223
26 427
321 408
256 82
237 167
237 6
427 304
118 260
370 27
283 125
406 244
114 244
281 17
306 176
131 438
384 318
33 179
355 124
308 238
113 189
2 447
40 366
170 441
203 32
161 294
198 87
113 131
367 414
120 374
112 140
159 420
209 277
264 171
62 279
13 348
216 400
419 243
151 172
13 187
120 432
360 284
183 423
243 417
411 146
102 52
220 15
377 228
56 274
45 111
117 433
347 271
402 59
419 99
446 323
142 25
113 115
34 160
101 80
332 125
100 235
343 334
88 202
443 437
258 137
315 46
244 314
190 138
402 65
345 80
217 298
1 163
126 369
105 187
239 415
62 221
399 62
229 307
432 297
101 31
77 179
377 356
113 325
45 38
60 171
139 168
139 224
261 276
132 135
40 25
305 185
134 342
289 122
1 410
307 33
27 128
12 240
77 449
24 208
100 29
310 380
32 127
244 127
26 254
12 324
166 296
425 237
199 102
276 140
209 155
410 227
228 432
276 386
238 216
407 64
401 172
332 421
397 402
382 98
185 137
90 310
25 413
130 369
313 396
446 304
309 92
122 87
448 407
291 284
321 438
100 225
268 383
182 235
33 391
168 301
371 41
115 94
19 144
271 47
271 40
216 90
436 425
229 383
233 102
404 310
195 18
117 15
314 10
399 76
85 364
146 211
413 5
12 145
251 436
113 179
307 213
251 358
22 60
317 260
362 7
9 449
300 286
279 199
2 133
142 136
433 321
91 129
399 379
92 49
183 290
94 93
223 124
234 190
72 343
342 78
117 175
360 37
205 92
361 143
89 375
191 62
203 3
180 425
265 344
206 132
257 409
142 332
436 127
66 274
13 137
365 447
284 427
284 177
46 416
177 17
107 38
78 396
427 351
266 261
336 155
336 237
401 412
140 423
198 23
300 203
123 43
60 251
279 282
103 283
115 23
422 22
274 261
422 323
222 293
294 372
366 18
364 249
56 281
369 39
421 140
360 371
294 422
86 242
311 359
61 97
70 162
338 351
103 337
99 5
405 307
160 65
399 125
177 420
101 248
259 220
313 215
302 243
434 4
411 285
221 260
285 336
327 384
109 371
444 74
241 438
192 288
38 11
153 247
282 405
9 100
361 242
387 42
254 339
173 175
67 427
272 78
36 273
397 354
342 223
414 393
68 301
367 429
165 340
112 109
222 279
172 273
343 397
357 256
263 296
432 321
99 210
432 338
36 89
366 240
102 244
231 305
22 107
186 436
240 46
391 443
389 152
151 331
293 380
156 410
410 375
271 326
335 249
15 40
353 213
236 255
229 10
278 190
166 333
207 252
403 439
441 400
16 402
84 98
82 356
167 329
158 188
135 218
378 241
321 27
433 358
198 286
196 191
160 88
325 217
196 411
51 443
209 111
17 114
228 109
144 162
404 381
292 305
197 160
8 3
183 2
293 379
5 364
277 382
202 16
141 417
40 299
418 445
143 193
36 33
58 276
278 450
232 208
143 448
418 161
229 137
236 423
364 356
319 439
127 4
25 359
375 146
416 119
127 67
449 162
444 230
359 216
387 25
250 357
273 391
332 47
304 87
287 300
259 250
403 50
24 412
309 143
50 439
235 363
284 197
386 412
227 337
145 265
181 160
356 110
426 345
121 384
12 41
32 223
151 110
72 182
450 236
8 346
55 158
302 20
299 10
379 78
367 223
426 377
343 294
272 112
411 282
205 263
214 415
343 178
36 71
356 215
327 248
148 141
5 97
123 269
113 399
65 349
241 312
20 199
166 107
83 375
174 99
298 170
359 396
333 415
440 88
29 95
12 253
416 318
72 254
130 134
332 112
97 159
409 20
358 197
299 339
297 208
375 192
88 217
6 139
229 120
207 359
304 310
278 397
362 18
425 20
387 197
426 394
99 428
300 247
402 152
237 250
98 264
99 118
98 270
160 14
325 90
17 154
270 404
277 406
384 70
224 63
173 55
87 443
361 213
253 65
326 322
112 155
101 95
250 245
60 414
130 144
183 178
243 406
449 379
181 299
350 228
139 382
280 86
284 350
168 120
63 21
304 449
58 229
162 186
367 325
313 415
446 224
183 6
213 82
417 37
309 357
379 241
433 62
437 66
47 252
42 417
339 38
178 381
318 233
60 154
382 170
381 145
99 136
159 313
67 134
202 355
155 49
147 57
136 95
92 213
406 246
24 447
48 52
334 89
393 21
373 229
7 10
50 380
160 383
265 166
265 265
233 356
99 55
204 266
251 253
292 141
132 264
403 49
47 419
185 2
59 278
228 129
70 9
299 423
132 322
211 98
107 404
40 267
325 408
165 175
361 443
159 110
224 249
342 336
40 265
68 142
337 120
111 446
286 427
178 83
113 307
61 99
277 177
171 378
354 288
236 18
235 358
238 383
147 171
303 442
279 100
418 420
187 223
362 427
159 409
174 33
309 155
178 92
365 96
442 59
85 9
369 175
150 61
431 114
10 232
100 362
170 58
303 424
99 323
238 160
312 127
269 66
227 101
283 185
376 185
169 320
210 373
384 384
247 206
179 296
86 190
95 67
8 176
26 187
111 141
257 109
183 31
194 396
104 425
78 137
85 215
95 191
17 161
329 154
413 193
155 280
253 443
202 196
335 448
442 135
444 36
190 322
262 223
41 40
257 239
112 381
211 299
24 211
27 12
204 277
141 128
255 423
127 31
301 226
340 36
110 184
332 288
1 5
92 280
238 278
321 241
151 121
334 234
16 219
196 345
316 255
161 402
387 368
115 28
437 385
425 220
379 356
175 155
190 415
261 328
431 33
126 363
62 313
79 187
218 25
420 262
356 340
345 168
31 116
257 305
244 284
81 400
245 210
234 419
155 406
132 50
193 277
154 154
258 47
301 59
192 124
297 108
407 298
11 394
337 133
142 4
233 6
359 169
96 388
176 402
279 83
207 65
90 395
50 384
225 347
288 334
105 110
327 343
153 277
51 366
28 153
274 76
420 202
213 300
112 229
66 367
401 271
397 32
415 213
436 268
245 172
22 304
211 56
426 40
318 164
305 16
407 248
289 103
85 414
121 167
354 330
50 370
210 36
402 412
229 50
266 18
123 310
46 284
239 104
387 177
96 330
281 1
14 181
429 30
67 431
216 27
132 168
316 168
375 202
91 359
449 354
235 162
249 191
97 110
117 50
2 201
24 182
193 128
213 99
329 141
2 329
5 417
258 109
63 11
273 98
449 146
442 241
420 54
360 400
2 401
402 253
141 53
358 406
225 277
318 23
390 85
152 294
49 218
346 46
76 300
431 151
9 176
283 317
358 441
343 155
437 310
362 276
212 253
256 414
287 173
19 277
217 272
192 397
257 288
394 123
363 174
148 422
315 8
165 358
328 55
259 322
116 14
30 38
17 160
141 329
226 159
189 394
230 291
329 267
98 67
98 209
30 167
308 363
441 437
172 369
318 195
368 414
270 420
73 356
193 159
51 31
142 319
96 400
251 4
430 440
159 170
372 63
424 212
226 36
133 402
266 429
371 82
66 310
361 29
34 299
59 16
276 353
284 64
202 64
431 383
417 353
157 87
350 227
382 33
127 222
139 314
118 112
377 78
252 323
182 15
186 363
412 76
147 436
421 326
449 124
56 127
273 82
214 351
347 450
57 2
278 17
440 92
223 447
171 223
200 280
356 158
200 316
304 82
65 177
207 12
291 397
432 62
224 14
420 362
364 387
102 168
249 52
173 285
39 114
139 245
41 367
378 116
237 224
18 402
264 6
346 142
280 308
179 178
144 138
95 275
400 18
224 5
84 270
304 70
367 149
58 136
419 433
164 125
2 412
350 394
64 226
294 392
145 277
281 60
71 234
28 31
117 73
147 87
203 434
339 148
347 286
124 226
441 310
31 421
269 254
34 410
399 21
447 229
356 5
238 118
24 135
26 82
216 331
142 243
225 432
151 364
1 169
232 7
235 450
173 312
380 238
247 242
136 133
347 441
45 97
104 74
333 198
419 245
189 348
207 233
315 412
126 9
450 259
255 306
141 2
6 297
373 225
256 376
193 327
320 223
333 205
256 381
370 228
154 71
227 356
426 257
393 423
37 349
223 158
83 56
241 233
275 135
170 430
156 208
68 151
281 141
92 195
344 190
349 268
66 132
46 328
413 206
33 152
395 100
377 118
159 281
350 284
196 364
199 198
277 341
139 169
79 128
233 440
166 79
298 368
251 433
367 372
380 93
82 220
271 50
264 227
306 450
381 313
69 413
281 27
171 446
32 110
150 325
280 354
367 331
410 309
10 164
316 16
445 382
158 144
267 323
34 137
121 62
238 255
316 231
100 444
450 421
178 32
94 178
20 434
132 406
158 156
425 154
244 274
331 56
387 9
411 82
213 322
36 364
378 356
168 175
92 167
6 363
437 140
263 152
229 57
62 215
176 59
206 369
79 438
189 147
84 46
209 441
445 322
44 417
444 189
429 347
2 408
330 339
66 110
425 246
174 25
97 438
204 306
447 209
197 8
387 335
235 390
177 284
442 63
28 295
149 74
25 79
445 19
386 439
9 321
120 347
268 434
406 128
358 93
275 331
303 175
300 132
425 249
334 140
147 431
424 13
418 296
96 341
380 437
127 420
172 385
214 146
31 62
432 150
37 351
66 76
400 190
130 27
127 422
67 63
108 142
23 360
367 117
386 174
393 49
372 168
15 160
368 43
46 8
115 1
79 430
13 94
352 179
251 188
347 38
205 77
86 68
347 25
250 397
401 151
173 91
146 438
353 110
402 103
40 79
226 421
5 440
102 234
245 440
89 283
25 92
161 386
317 312
54 405
223 399
245 138
317 417
253 64
277 124
249 116
55 387
79 221
318 88
66 146
39 171
237 217
213 317
31 373
367 51
329 321
421 22
260 444
277 309
443 205
264 406
287 69
342 386
153 97
148 351
163 340
402 203
58 392
437 54
152 108
360 95
49 226
161 235
348 30
187 49
53 94
153 278
412 45
420 307
128 342
242 262
336 4
384 174
9 116
251 385
181 110
321 145
230 343
318 12
133 222
82 110
198 43
421 409
37 293
144 327
106 251
2 400
382 57
189 427
280 204
254 378
75 340
229 264
140 412
446 104
81 73
158 236
133 37
129 406
14 62
147 100
20 297
53 419
26 6
163 124
160 308
208 440
315 72
90 33
212 370
161 91
108 438
275 247
426 337
348 16
360 65
321 5
278 295
272 315
219 118
317 256
18 368
205 272
283 230
109 263
27 222
412 28
255 282
406 359
89 187
403 298
94 325
103 133
183 443
215 369
441 265
210 95
27 267
403 322
214 5
199 115
202 335
349 67
367 80
270 114
317 419
313 386
101 374
368 194
144 318
315 218
99 238
164 71
86 15
322 169
265 120
295 399
437 412
369 339
182 384
104 372
346 268
200 330
283 135
426 399
331 150
273 329
316 404
268 59
111 94
162 169
78 233
343 37
238 53
145 139
122 437
398 78
156 215
211 6
153 154
42 265
303 354
99 175
290 125
426 116
245 163
235 264
255 60
315 33
264 321
109 394
104 445
389 367
46 255
376 62
258 157
350 237
219 297
373 326
6 358
383 95
244 338
245 229
87 412
298 80
212 313
319 218
263 260
120 426
60 91
383 276
100 189
218 37
379 144
436 188
366 411
400 433
218 30
66 96
442 301
303 431
273 204
24 398
378 402
146 449
44 432
432 181
312 155
179 179
192 160
4 249
49 389
76 102
229 191
61 177
99 242
223 338
436 176
386 282
420 252
249 16
32 226
281 220
285 301
198 221
182 309
89 392
249 94
283 232
154 223
136 84
20 22
99 288
394 257
178 287
198 276
7 223
358 64
331 30
445 85
350 277
82 152
236 284
130 115
406 402
192 398
254 133
105 284
100 183
378 440
23 323
95 247
155 192
225 88
71 388
396 332
380 3
242 96
140 322
175 359
76 294
123 205
237 252
126 419
303 253
315 298
397 364
445 156
39 347
90 208
28 339
260 189
265 398
183 232
37 409
436 174
425 343
249 119
123 148
43 129
72 334
136 280
348 60
375 112
89 25
16 76
38 124
295 439
311 136
173 256
373 320
235 181
352 176
125 10
371 26
122 339
418 271
291 122
50 269
158 405
36 192
192 324
212 128
192 28
246 356
40 181
367 163
373 52
418 1
146 424
409 372
446 81
221 126
442 246
405 288
199 146
434 86
374 291
357 143
92 96
69 423
280 247
396 188
211 18
268 296
383 261
306 214
412 234
409 123
197 176
166 1
67 247
81 415
356 343
337 190
91 110
141 243
135 149
34 268
47 401
312 373
23 185
12 233
221 332
135 356
236 375
207 316
53 118
358 274
342 411
55 116
41 210
195 112
329 77
12 207
169 260
157 406
397 106
284 378
303 290
369 396
310 406
346 161
192 415
370 165
383 32
74 38
106 60
286 402
42 121
83 52
141 131
327 90
376 322
5 212
324 172
12 301
142 117
325 276
212 231
266 46
448 256
125 219
389 212
299 85
448 52
224 134
273 380
449 313
115 285
437 300
278 272
297 223
104 68
114 6
337 313
375 376
217 209
146 297
140 398
48 153
121 218
425 213
353 368
64 348
56 161
107 98
341 97
391 113
53 301
330 168
108 424
403 278
262 238
380 200
86 82
353 6
237 159
161 318
280 165
168 77
207 419
103 28
64 375
195 124
168 98
124 443
168 222
247 169
219 441
41 59
264 401
200 284
156 274
378 262
232 236
361 7
395 151
54 335
218 289
270 18
306 273
99 32
343 437
264 178
369 24
291 403
368 441
50 354
440 319
224 287
109 241
317 145
369 450
3 2
137 89
45 42
393 322
182 228
439 113
142 311
212 168
419 268
150 17
63 238
134 227
321 410
227 292
322 214
162 368
111 257
165 279
187 203
19 388
440 331
209 43
104 145
443 159
57 449
405 266
156 385
292 420
434 170
13 11
410 207
33 120
385 377
244 336
387 361
411 78
316 136
276 131
172 296
164 440
250 351
406 30
436 445
325 445
268 160
107 434
49 118
17 183
368 332
25 124
52 366
147 223
377 7
127 437
39 10
173 72
377 366
367 162
180 108
211 103
138 442
349 299
107 202
105 105
6 307
335 195
287 419
72 448
182 372
60 226
231 144
25 314
308 208
155 30
283 419
435 138
195 431
281 174
287 253
109 16
352 429
316 113
121 8
90 356
316 98
295 320
255 424
14 375
91 273
210 249
54 155
324 183
147 316
105 97
274 7
367 180
12 117
193 7
295 248
11 25
118 130
167 162
256 286
218 441
254 152
75 46
3 301
361 192
381 252
360 202
90 388
137 336
399 343
377 352
171 359
368 130
199 323
77 354
177 317
182 169
183 276
257 253
157 308
444 100
117 106
265 409
282 145
300 215
100 372
271 22
79 216
169 236
298 149
154 242
221 37
20 248
8 372
104 10
288 376
121 439
54 278
262 239
161 103
389 79
349 271
58 359
208 171
343 84
439 261
249 425
2 358
106 65
359 370
329 253
285 318
299 168
360 325
374 313
264 206
208 264
322 437
310 409
22 173
294 39
251 185
364 276
31 101
106 267
288 171
48 281
362 330
14 28
201 69
218 123
348 422
448 375
240 340
246 260
72 281
111 243
85 62
412 84
254 433
433 153
34 139
197 183
65 340
79 42
240 36
9 444
133 280
200 199
182 410
284 327
442 86
356 351
394 412
195 198
207 202
137 355
199 15
245 450
379 218
313 100
182 352
293 211
109 240
6 450
424 80
429 147
112 117
172 304
75 302
447 159
203 39
392 287
325 72
270 261
314 197
157 45
120 209
339 45
442 128
193 79
369 2
333 429
46 109
186 171
186 207
364 118
417 184
6 92
133 187
70 413
352 31
165 448
340 380
145 349
323 227
295 249
227 410
217 379
274 346
386 411
300 308
261 21
183 16
67 88
59 290
358 21
330 177
396 390
245 335
209 175
209 325
443 288
341 376
78 277
148 144
119 273
296 345
97 324
445 318
315 327
57 389
183 1
421 236
253 105
8 132
305 91
271 4
156 422
427 367
446 344
38 382
15 68
384 133
56 321
159 179
309 120
364 336
45 377
374 405
118 191
241 441
403 431
29 142
192 141
87 56
15 433
322 293
360 152
351 248
421 266
82 343
332 254
292 321
180 110
92 190
369 197
210 35
230 296
298 338
126 429
425 2
335 49
204 414
127 232
23 269
112 285
328 34
93 345
401 223
94 70
266 245
170 311
150 132
185 225
217 412
223 101
176 136
146 146
117 263
356 47
241 359
152 354
286 105
277 88
397 93
281 28
376 190
196 296
253 208
312 375
324 146
311 374
250 168
126 122
3 332
430 327
335 445
174 443
44 155
320 206
208 110
290 414
285 174
25 134
309 74
347 10
321 287
181 438
294 138
223 166
420 271
319 287
249 69
100 295
173 396
372 377
15 317
18 141
288 93
35 409
155 179
30 355
116 82
418 406
151 314
399 179
262 421
400 292
265 174
168 156
405 143
289 166
291 142
156 66
233 357
120 342
270 158
384 281
348 201
197 177
445 282
392 436
175 191
164 167
50 149
352 49
268 393
380 40
382 16
84 258
384 424
169 247
335 145
97 236
320 10
18 346
212 103
449 167
87 432
166 15
215 36
413 85
21 259
278 430
183 307
368 281
392 167
211 276
15 315
106 433
159 81
78 348
187 221
195 240
83 173
326 313
316 101
370 136
345 318
17 322
46 114
259 15
192 399
287 29
87 290
37 4
323 443
442 228
151 35
207 368
301 325
37 428
293 293
71 216
248 445
183 277
25 28
319 28
126 283
122 402
267 443
239 435
235 423
41 258
408 214
95 450
158 112
361 156
62 196
444 418
107 248
444 14
330 146
159 52
59 105
244 410
120 293
348 163
340 25
316 356
292 311
204 323
295 76
403 371
374 142
300 51
86 365
178 36
148 352
221 328
108 105
307 4
213 218
434 400
275 32
311 348
294 280
14 224
318 137
168 327
64 395
332 1
429 29
359 167
449 183
306 373
64 53
337 122
440 372
141 185
391 131
295 133
26 18
83 299
79 315
70 84
335 50
18 291
323 338
168 133
373 177
384 213
175 130
297 230
433 195
332 431
150 288
344 108
193 214
3 379
50 215
386 185
33 316
409 11
418 275
74 86
368 295
70 316
325 395
214 298
355 186
349 284
700
41 215
50 243
32 204
43 224
16 209
45 239
5 211
31 231
21 246
35 224
37 222
16 222
27 208
5 215
10 210
10 215
44 243
46 206
10 241
49 205
16 217
36 226
32 236
38 232
15 238
45 243
21 216
33 222
49 220
8 202
42 210
3 223
36 212
48 209
7 202
14 231
34 201
6 250
4 219
23 235
45 236
48 238
47 204
24 245
15 231
38 246
2 206
9 219
31 229
8 237
35 209
18 232
43 202
49 209
10 228
9 237
21 243
13 240
12 231
27 201
50 236
12 205
46 229
37 227
14 230
6 239
50 249
12 208
9 215
24 248
22 223
40 236
22 226
10 226
11 235
41 219
29 222
19 220
48 212
48 237
13 244
19 232
20 235
31 221
32 214
6 237
50 215
19 217
7 245
42 226
32 210
8 224
3 247
10 229
8 220
28 202
15 211
8 248
32 207
12 220
47 203
29 201
15 221
8 241
15 223
35 219
23 248
29 229
19 247
13 239
5 248
38 224
37 223
26 208
41 226
26 232
48 242
6 241
6 224
43 229
16 244
42 230
6 231
35 217
18 229
36 239
24 221
30 215
27 243
49 231
14 225
8 247
18 231
17 243
17 211
3 241
5 218
37 240
45 246
44 221
28 214
19 241
46 244
43 230
22 237
29 250
34 243
41 218
23 226
37 235
21 225
38 212
46 232
3 231
2 242
12 243
28 234
29 208
9 249
48 235
30 201
19 240
49 247
30 227
5 230
9 202
8 205
47 208
46 231
25 248
24 247
3 211
18 224
6 232
41 246
46 202
42 238
47 209
12 235
34 213
41 233
18 234
44 232
31 233
13 246
44 212
20 203
1 210
5 236
6 233
43 228
48 229
11 215
33 209
43 242
37 213
44 226
42 246
23 203
15 239
36 243
50 204
41 244
38 219
10 205
13 220
21 233
47 219
40 249
2 212
34 233
48 227
37 231
3 208
24 226
18 205
31 223
17 250
12 233
23 223
20 239
30 220
27 224
30 216
34 242
45 228
19 224
32 249
27 244
12 222
12 207
44 245
45 204
40 219
48 241
18 250
34 220
18 212
35 236
45 226
15 201
37 202
7 237
21 234
34 204
47 234
35 235
42 242
24 217
2 236
1 236
11 218
28 221
5 232
17 232
15 246
33 206
30 237
1 244
39 216
41 237
33 239
23 220
30 217
46 220
23 229
31 243
19 204
38 234
11 208
35 228
9 233
19 221
38 217
23 216
15 243
6 211
29 223
31 230
39 237
4 237
18 218
38 227
37 248
16 233
44 216
14 204
32 237
44 241
38 243
16 230
9 240
43 218
39 245
39 213
3 209
6 230
30 226
27 245
14 211
29 233
21 235
46 242
4 239
49 244
39 225
23 218
4 213
33 202
7 246
45 250
47 248
34 219
11 220
21 220
22 246
25 217
46 228
28 235
5 234
41 236
36 237
43 205
46 222
30 205
45 221
19 222
40 217
31 250
4 218
20 233
28 245
9 222
36 249
15 224
25 246
25 208
40 202
42 243
4 216
19 244
3 238
5 222
38 231
29 221
34 217
31 227
1 243
50 210
13 213
8 213
14 216
8 231
31 210
20 202
23 224
8 222
16 241
23 206
14 242
4 203
17 221
1 229
21 223
45 244
45 248
11 222
31 220
10 206
19 231
20 232
43 235
43 212
36 246
1 241
32 227
47 231
42 201
17 244
3 230
14 202
11 250
30 219
39 204
44 224
46 219
12 239
22 203
47 216
42 241
40 201
15 236
21 227
28 223
41 210
4 211
32 218
30 243
10 249
45 233
28 236
27 207
34 209
20 211
6 208
8 215
11 247
43 239
18 206
23 219
19 226
14 228
34 206
50 246
6 216
50 245
25 238
4 226
1 247
41 202
14 240
47 214
29 220
37 211
21 247
26 219
5 203
3 219
12 212
33 230
20 237
47 229
11 223
18 216
19 239
3 214
41 249
23 249
20 204
6 222
16 240
4 204
20 242
10 202
32 248
26 211
43 240
25 245
46 210
11 234
31 213
8 229
29 247
22 207
25 231
20 221
42 233
22 235
37 246
12 209
25 242
19 250
34 238
27 205
42 204
15 226
47 235
23 204
46 209
33 216
31 225
29 231
17 237
21 219
49 208
13 215
18 219
18 236
35 206
36 242
32 201
41 204
46 239
8 238
45 211
36 219
30 211
50 247
5 235
2 214
36 225
17 203
7 229
34 246
18 237
44 246
28 228
5 237
40 241
19 249
17 238
32 232
31 234
21 240
26 224
33 223
49 210
23 233
36 228
45 225
21 210
26 248
13 201
34 211
15 214
32 234
11 249
47 221
48 240
1 212
39 236
38 215
39 217
3 242
48 224
6 225
25 236
4 231
35 241
13 235
11 214
20 226
49 216
22 250
7 201
31 242
40 206
11 205
21 249
33 207
7 250
50 221
45 245
6 229
40 222
48 215
29 211
14 241
46 246
27 214
18 207
18 210
2 228
33 246
37 244
21 203
14 217
11 239
11 203
27 220
17 229
21 204
31 201
22 232
33 243
10 203
17 218
20 210
29 245
21 205
19 215
1 234
10 235
41 223
9 227
21 232
6 218
26 247
20 218
39 243
25 247
4 244
30 235
19 203
18 215
21 213
7 242
37 241
20 231
28 229
5 239
45 214
14 235
33 215
3 226
5 207
15 233
4 214
42 223
25 243
15 249
49 213
44 234
6 228
15 212
16 228
31 204
29 209
20 224
35 212
36 221
10 245
29 238
12 237
46 241
45 242
27 242
50 241
12 204
25 230
24 225
48 207
3 222
38 206
20 238
8 216
36 248
35 220
32 219
6 249
27 210
13 205
6 212
20 205
12 224
10 223
41 247
43 233
32 246
32 242
18 202
19 243
1 230
38 247
2 245
30 210
33 238
31 238
24 231
49 211
34 210
25 209
47 247
36 238
33 211
28 240
41 231
39 220
31 219
43 232
33 224
4 205
42 220
7 225
19 223
36 233
29 205
16 206
2 215
17 213
31 235
47 249
25 225
12 223
31 226
44 235
20 213
20 229
28 248
32 244
29 212
2 217
34 214
4 242
14 215
36 208
18 214
47 228
7 248
29 242
8 227
49 201
40 215
23 225
26 210
33 217
34 230
35 210
21 209
47 225
