1000 1000000000
1000
823 2
316 1
485 2
880 1
95 1
24 2
762 1
450 1
153 2
837 1
313 1
857 2
968 2
626 2
498 2
551 1
188 2
701 1
381 2
602 1
913 1
543 1
552 1
949 2
639 2
723 1
821 2
670 1
384 2
907 2
456 2
425 2
669 1
355 2
149 2
612 1
529 2
883 1
832 2
74 2
380 2
865 1
212 2
912 2
601 2
77 2
173 2
850 1
752 2
123 2
733 2
7 1
581 2
245 2
483 1
217 1
664 2
7 1
191 2
230 1
211 1
81 2
599 2
690 2
295 1
880 1
830 2
291 2
847 1
621 1
832 1
947 1
379 2
612 2
142 1
449 1
870 1
190 1
440 2
680 1
681 1
752 2
582 1
71 2
166 1
954 2
654 2
472 2
477 1
241 2
970 1
265 2
602 1
861 1
311 2
501 2
197 1
659 1
583 1
900 1
977 1
52 1
943 1
871 1
510 2
173 1
489 1
549 2
264 1
645 2
579 1
705 2
661 1
546 2
639 2
201 2
554 2
677 1
906 1
168 1
95 1
17 1
501 2
277 2
542 2
815 1
62 2
715 2
24 2
613 2
544 1
807 1
232 1
378 2
966 2
493 1
214 1
332 1
484 2
907 2
189 1
739 1
23 2
899 2
766 1
851 1
1000 1
957 1
715 2
270 2
533 1
916 1
684 1
7 2
672 2
692 1
94 2
968 1
710 1
498 2
503 2
509 2
233 2
532 2
539 1
951 2
158 2
613 2
386 2
186 2
744 1
371 1
671 2
383 2
51 2
392 2
915 1
626 1
378 2
284 2
536 1
45 2
145 2
705 2
798 2
36 1
595 1
13 2
474 2
887 1
726 1
404 1
282 1
267 2
322 2
908 2
674 1
201 2
782 2
647 1
466 1
981 1
35 1
637 1
350 2
641 1
327 1
231 2
948 1
751 2
867 2
973 2
985 2
859 1
37 2
608 2
69 2
774 1
159 2
897 2
514 1
828 1
966 1
672 1
857 2
655 1
332 2
686 2
333 1
714 1
327 1
628 1
815 2
119 2
207 2
321 2
248 2
425 2
667 1
8 2
786 2
651 2
181 2
432 2
183 2
254 1
818 1
386 2
279 2
48 2
939 1
614 1
431 1
895 2
671 2
87 1
109 1
594 1
398 1
234 1
829 1
689 1
359 1
203 1
639 2
79 1
259 2
352 1
7 1
31 1
200 2
236 1
267 1
437 2
647 2
757 2
865 1
88 1
246 2
110 1
366 1
295 1
359 2
54 1
288 2
577 1
695 2
120 2
533 2
619 2
576 1
305 1
553 1
710 2
64 1
940 1
300 1
494 1
575 2
577 1
882 1
372 1
509 1
810 2
545 2
837 1
746 2
357 2
151 1
137 2
235 2
5 1
345 1
805 1
996 2
488 1
533 1
977 1
744 1
322 2
777 1
346 1
235 1
265 1
817 2
977 1
9 1
488 1
5 2
611 1
388 2
228 2
49 2
511 1
722 1
242 1
228 1
427 1
804 1
22 1
777 1
559 2
777 1
445 1
385 2
552 2
272 2
341 2
534 1
583 2
210 2
632 1
569 2
848 1
430 2
332 1
318 2
307 2
682 1
877 2
115 2
62 1
81 1
850 1
996 2
360 1
423 2
660 2
234 2
936 1
535 2
467 1
327 1
364 1
14 2
656 2
500 2
827 2
229 1
115 2
972 2
267 2
795 2
135 1
558 1
275 2
297 2
641 1
830 1
667 1
116 2
293 1
604 1
327 1
118 2
674 1
364 2
984 1
741 1
41 2
637 1
706 2
802 1
713 1
842 2
175 2
708 2
477 2
628 2
67 2
827 2
468 1
678 1
982 1
125 1
769 1
239 1
629 2
124 1
177 2
283 2
873 2
30 1
1000 2
66 1
38 1
651 2
548 2
712 1
526 2
259 2
815 2
124 2
699 2
782 2
705 2
137 1
769 2
234 1
133 1
784 1
329 2
872 2
903 2
868 2
599 2
671 1
853 2
724 2
597 2
47 1
307 1
988 2
126 1
224 2
180 1
477 1
212 1
681 2
168 2
144 1
282 2
105 1
960 2
767 2
27 1
337 1
236 2
485 1
536 1
120 1
462 1
136 1
54 2
22 2
845 2
606 1
374 2
521 1
91 2
813 1
948 1
355 1
550 1
106 1
776 2
186 1
867 1
659 2
712 1
55 1
614 1
685 1
700 2
327 1
372 2
255 1
880 1
181 2
249 1
468 1
486 1
974 1
226 1
469 1
65 2
620 2
796 1
877 1
875 1
684 2
803 2
83 1
832 1
951 2
973 2
715 2
257 2
716 1
476 1
358 2
18 2
773 2
351 2
510 2
308 1
126 1
793 1
890 1
372 1
409 1
537 2
592 2
10 1
93 1
496 2
950 1
35 2
322 1
646 1
743 1
127 2
478 2
926 1
565 2
555 2
588 2
861 2
441 1
152 1
767 1
39 1
933 1
299 2
219 1
226 2
106 2
787 1
13 2
121 2
362 1
462 2
966 2
274 2
208 1
884 2
852 1
264 2
595 1
786 2
936 1
202 1
423 1
465 1
681 1
11 1
139 2
733 1
704 2
48 1
900 2
662 2
906 1
972 1
824 2
498 1
626 2
935 1
116 1
664 2
420 2
99 2
511 2
494 2
714 2
790 1
820 2
733 2
243 1
371 2
572 1
992 1
655 2
585 2
978 1
377 2
613 2
298 2
533 2
668 1
821 2
53 2
946 2
602 1
854 1
308 2
391 2
551 2
609 2
559 2
329 1
387 1
627 1
623 2
23 2
197 2
831 2
492 1
549 1
332 2
178 1
40 2
666 1
476 1
286 1
833 2
626 2
735 2
512 1
571 1
164 2
514 2
306 2
708 2
197 2
708 2
641 2
462 2
611 1
402 2
936 1
329 2
387 1
485 1
299 1
206 1
204 1
146 2
948 2
940 2
594 1
73 2
650 1
879 2
43 1
679 1
21 1
836 1
197 1
492 2
236 2
535 2
991 2
574 2
215 2
301 1
275 1
28 1
757 1
234 2
843 1
451 1
223 2
325 1
545 2
637 2
251 1
207 2
741 2
69 2
10 2
311 1
843 2
964 2
802 2
880 2
722 2
655 2
901 2
865 2
909 2
287 1
24 1
509 1
430 2
464 2
453 2
665 1
263 1
762 2
769 2
41 1
527 1
715 1
935 2
243 1
443 1
371 2
147 2
138 1
706 2
310 2
112 1
932 1
32 1
630 1
394 2
116 2
636 2
78 2
884 1
577 2
594 1
840 2
196 2
429 2
977 2
488 1
538 2
551 1
318 2
263 1
861 1
146 1
792 2
521 1
990 1
931 2
874 2
135 2
499 2
895 1
788 1
830 2
965 2
443 1
281 1
382 2
571 2
578 2
802 2
539 1
244 2
242 1
930 1
23 2
528 1
383 1
745 2
31 1
608 1
327 2
754 2
962 1
370 2
733 2
844 2
421 2
86 1
86 1
708 1
226 2
508 2
222 2
57 1
739 2
900 1
172 1
327 2
308 1
323 1
106 1
389 2
711 2
173 1
982 1
519 1
789 2
341 1
76 2
997 1
164 2
719 1
746 2
730 2
211 2
479 1
834 1
277 1
512 2
375 1
323 1
739 1
786 1
453 2
16 2
203 1
1000 1
394 2
528 1
753 2
720 2
564 1
460 1
412 2
648 1
13 1
372 1
576 1
777 2
642 1
291 2
613 1
503 1
237 1
406 2
558 1
674 1
524 2
633 1
66 2
40 2
855 1
570 2
839 2
881 2
998 2
20 2
530 2
186 1
777 2
605 2
831 2
707 2
285 2
945 2
808 1
560 2
654 1
765 2
166 1
475 1
519 1
500 1
89 1
352 2
220 1
293 2
166 1
472 1
457 1
627 2
572 2
639 2
376 1
676 1
30 1
191 2
191 2
130 1
260 2
794 1
527 2
46 2
914 1
579 2
631 2
552 1
591 2
734 1
671 1
199 2
503 2
220 1
445 1
255 2
74 2
96 2
571 1
542 2
331 2
268 2
847 1
767 2
234 1
557 2
937 1
104 1
722 2
242 2
697 2
91 1
931 2
401 1
975 2
408 2
737 1
962 2
592 2
657 1
931 2
611 2
256 1
564 1
421 1
498 2
43 2
261 2
295 2
38 2
42 1
138 1
516 1
414 2
876 1
317 2
948 1
656 1
923 1
934 2
170 1
716 1
563 2
30 2
230 2
966 1
62 2
404 1
420 2
864 2
850 1
948 2
611 1
13 1
449 1
667 2
367 2
183 1
785 1
837 1
400 1
330 2
306 1
215 2
497 1
111 1
650 1
694 1
154 1
954 2
564 1
630 2
14 2
908 2
453 1
227 1
997 2
601 1
422 1
291 1
931 1
675 1
629 1
570 1
799 1
614 1
211 1
861 2
942 1
994 1
759 2
687 1
117 2
740 2
114 1
223 2
202 2
173 2
585 2
464 1
