900 100000000
999
606 1
343 1
415 1
419 1
31 2
422 1
359 1
261 2
192 1
365 2
351 1
996 1
953 1
6 2
728 2
436 2
860 1
474 1
37 2
584 1
879 2
156 2
127 1
333 1
606 1
299 1
332 1
357 2
727 1
867 1
515 2
614 2
580 2
636 1
218 1
584 1
116 1
242 1
593 1
275 1
186 2
699 2
740 1
111 1
853 1
341 2
909 1
129 1
407 1
61 1
183 2
837 1
638 2
753 1
948 2
518 1
741 1
135 2
160 2
896 2
548 1
916 2
539 1
23 1
620 1
118 2
411 1
205 1
980 1
57 1
872 1
480 1
487 2
238 2
199 1
570 1
131 1
912 2
904 2
87 1
140 1
701 1
639 1
770 1
783 1
427 1
374 1
256 2
815 1
472 2
490 2
203 2
403 2
481 1
985 1
489 1
294 2
380 2
627 2
363 1
166 2
893 2
414 2
158 1
222 2
669 1
688 1
317 1
732 2
607 2
257 2
685 2
283 1
945 2
158 2
959 1
586 2
393 1
279 2
250 2
147 2
189 1
242 2
415 2
661 1
106 1
286 1
811 1
482 1
398 2
344 1
56 1
674 2
390 2
978 2
276 2
903 2
296 2
319 1
449 2
679 2
394 2
593 1
219 2
909 1
962 2
715 2
829 1
703 2
483 2
614 2
892 2
441 2
551 2
184 1
587 2
841 2
719 2
25 2
941 2
985 1
764 1
196 2
670 2
585 1
570 2
12 2
811 2
890 2
112 2
53 1
677 1
148 1
393 2
686 1
530 1
776 1
998 2
366 2
187 1
639 1
914 2
788 1
655 2
17 2
436 2
469 1
87 1
775 1
865 1
170 2
216 2
986 2
455 1
431 1
204 2
593 2
75 1
813 1
729 2
232 1
116 2
232 1
97 2
235 2
109 1
162 1
680 2
726 2
991 2
551 2
225 2
817 1
749 1
751 1
626 2
580 1
574 1
400 2
971 1
215 2
471 2
305 1
819 2
749 1
62 2
679 2
275 2
548 2
160 1
524 1
312 1
519 2
300 2
819 2
421 1
581 1
125 2
797 2
511 2
215 2
724 2
559 2
752 2
973 1
436 2
609 1
45 2
913 1
380 1
361 1
375 1
298 1
81 1
94 2
318 2
691 1
329 1
190 1
113 1
914 1
1 2
209 2
223 2
33 1
200 1
923 2
978 1
744 2
178 1
213 2
550 2
617 1
597 2
597 1
190 1
299 2
343 2
849 2
1000 2
256 2
815 1
656 2
588 1
239 2
623 1
658 1
433 2
843 2
81 1
595 2
104 1
1 2
87 2
548 1
743 2
134 2
40 1
505 2
247 1
670 1
154 2
188 1
174 2
390 2
163 2
489 1
349 2
532 2
151 1
112 2
499 2
394 1
293 1
670 2
745 1
406 2
410 1
660 2
965 1
157 2
292 2
374 2
479 2
43 2
824 2
837 1
302 2
868 2
589 2
142 2
556 1
919 2
791 2
881 2
677 2
909 2
53 2
139 1
421 2
327 1
691 1
580 2
631 1
797 2
544 1
170 2
135 1
320 1
601 2
452 1
632 2
129 2
324 2
160 1
622 1
119 1
470 1
221 2
950 2
829 2
70 1
561 2
385 1
897 1
440 1
533 2
901 1
631 1
819 1
372 2
212 1
724 2
179 1
895 2
635 2
19 1
447 1
844 2
660 1
811 1
508 1
235 2
4 1
943 1
385 2
967 1
534 1
925 1
200 1
531 2
582 1
296 1
787 1
875 2
63 2
398 1
837 2
534 1
142 1
162 2
629 1
395 2
148 1
611 2
447 2
544 2
367 1
763 2
35 1
460 2
842 1
401 1
291 1
591 1
265 2
632 1
65 1
893 1
62 2
78 2
503 1
911 2
15 1
397 2
197 2
274 2
533 1
901 1
335 2
894 1
774 1
496 2
500 2
496 1
36 1
261 1
944 2
864 2
532 2
582 1
650 1
939 2
584 2
922 2
263 1
954 1
517 2
843 2
110 1
954 2
974 2
504 1
18 2
426 2
143 2
877 2
603 2
872 2
427 2
662 1
205 1
540 1
559 1
936 1
367 1
115 1
68 2
561 1
269 1
110 2
753 2
946 2
326 2
280 2
174 2
660 2
351 1
675 2
178 2
912 1
343 2
780 2
886 1
821 1
305 2
987 2
16 1
631 2
693 2
628 1
689 1
626 1
31 1
944 2
872 1
11 1
478 1
77 1
284 2
551 1
102 2
617 2
270 2
409 2
406 2
403 2
749 2
681 2
99 2
187 1
583 2
952 1
508 1
853 1
799 2
957 2
468 1
890 2
65 1
171 2
539 1
886 1
648 1
352 2
317 1
267 2
473 1
791 2
769 2
52 2
645 2
119 2
275 2
644 1
939 2
674 1
691 2
845 2
595 2
272 2
204 2
73 2
684 2
529 2
429 2
572 2
560 2
526 1
531 1
815 2
339 2
625 1
830 1
607 2
15 1
16 2
647 1
516 2
274 1
270 1
25 1
867 1
190 2
306 2
773 1
292 1
464 2
62 2
755 1
756 1
850 2
33 2
672 1
300 1
50 1
293 2
851 2
417 2
937 2
226 1
903 1
290 2
964 1
737 1
868 2
902 1
654 1
178 2
62 2
851 2
268 1
287 1
876 1
191 2
111 2
231 1
659 2
283 2
470 1
507 2
400 1
674 2
802 2
948 1
201 2
919 2
400 2
43 2
365 2
252 1
546 2
136 2
607 2
764 1
526 1
404 2
879 1
963 1
277 1
15 1
377 1
512 2
598 2
66 2
644 2
618 1
217 1
934 2
149 1
487 1
428 1
331 1
969 2
982 1
353 2
154 2
102 2
895 1
534 2
196 2
179 1
94 2
620 2
488 2
515 2
764 2
920 2
369 1
399 1
670 2
213 2
318 1
96 1
892 1
24 2
216 1
729 2
50 1
930 2
303 2
307 2
395 1
194 1
238 1
727 2
753 2
25 2
866 1
304 1
814 2
404 2
783 1
654 2
574 1
541 1
827 1
420 2
970 1
195 2
296 1
882 2
215 1
173 1
31 2
572 1
534 2
922 2
960 2
145 1
82 2
60 2
379 1
350 2
340 2
9 2
546 2
320 2
602 2
721 1
452 2
581 2
875 2
579 1
220 2
764 2
940 2
312 1
151 2
192 1
911 2
245 1
394 2
634 1
943 1
485 2
946 1
76 2
294 1
821 1
906 1
830 2
615 1
567 2
49 1
108 2
580 1
960 2
425 1
478 1
64 2
729 1
432 1
631 1
662 1
777 2
539 1
335 2
57 2
546 1
542 2
857 1
34 2
656 2
94 2
342 2
581 2
397 1
7 2
424 1
948 2
328 1
510 2
799 2
474 1
953 1
585 1
32 2
217 2
55 1
729 1
80 2
830 2
186 1
407 2
229 2
607 2
569 1
156 2
110 2
404 2
476 2
696 1
823 2
635 1
323 2
372 2
846 1
706 2
470 1
7 1
888 2
889 2
739 2
149 1
221 1
868 2
716 2
875 2
719 2
742 1
614 2
397 2
391 1
897 2
379 1
360 1
72 2
295 2
136 1
104 1
682 2
149 2
487 2
459 2
344 2
858 2
294 1
124 1
67 1
812 1
183 1
121 2
821 1
123 2
431 2
278 2
878 2
84 2
359 1
960 2
618 1
256 2
645 2
978 1
289 2
187 1
444 1
659 1
471 2
693 1
47 2
566 2
25 1
772 2
578 1
529 2
830 2
768 2
466 2
95 1
75 1
477 2
632 1
678 1
957 1
812 2
394 2
273 2
940 1
563 2
610 1
727 1
562 2
481 1
237 1
946 1
40 2
467 2
669 2
57 2
817 1
617 1
791 2
574 1
733 2
137 2
366 2
753 1
536 1
275 1
654 1
179 2
328 1
660 2
994 1
84 2
418 2
964 2
774 1
822 1
422 2
127 2
741 2
216 2
766 1
288 2
629 1
852 2
987 1
889 1
726 1
920 2
193 1
268 2
399 2
777 2
782 1
261 2
81 1
595 1
102 2
445 1
522 2
122 1
362 1
473 1
899 2
901 2
172 1
201 1
98 2
70 1
492 1
218 2
945 2
547 2
527 2
165 2
909 1
632 2
395 2
757 2
600 1
234 2
756 2
228 1
592 1
973 2
762 2
7 2
109 2
368 2
321 1
190 1
350 2
588 1
631 1
877 2
61 1
304 2
105 1
301 2
743 1
704 1
935 2
123 2
797 2
761 1
595 2
984 1
86 1
374 2
910 2
224 2
730 2
366 1
52 2
699 1
936 1
580 2
651 2
623 1
449 1
302 1
63 2
804 2
571 2
783 2
209 1
215 2
39 2
853 2
187 2
655 1
467 2
100 2
918 1
51 2
721 1
513 1
268 2
930 1
246 2
15 2
30 1
289 2
868 2
301 1
8 2
497 2
385 2
630 2
40 2
742 1
718 2
479 1
354 2
201 2
