500 1000000
500
310 2
40 2
218 1
60 1
400 2
140 2
74 1
319 2
380 1
323 2
284 2
421 2
261 1
198 1
45 1
69 1
97 1
358 2
48 2
458 2
394 2
64 1
334 2
235 1
102 2
197 1
478 1
280 2
484 2
295 1
318 2
195 2
492 2
391 1
184 2
440 2
335 2
421 2
53 2
50 1
112 1
311 1
349 2
227 1
200 1
145 1
106 2
220 1
187 2
214 1
65 2
334 1
145 2
70 2
304 2
274 2
455 1
339 2
186 1
382 1
107 1
128 1
445 2
62 1
187 2
69 1
363 1
52 1
294 2
145 2
282 1
272 1
289 2
425 2
472 1
217 2
444 1
396 2
496 1
30 2
3 1
2 1
375 2
162 1
294 1
12 2
415 1
28 2
321 1
219 1
119 1
323 2
32 2
265 2
149 2
51 1
263 2
262 1
395 1
315 2
235 2
8 2
256 1
377 1
296 2
103 1
236 2
218 1
466 2
126 1
191 1
371 2
104 2
369 1
78 1
284 2
23 2
240 2
319 1
45 2
8 1
466 2
90 1
196 2
154 2
36 1
99 1
156 1
473 1
78 1
37 2
461 2
70 2
322 2
51 1
106 1
96 2
397 2
109 2
478 1
316 1
127 1
15 2
427 2
166 2
115 2
318 2
126 2
366 2
64 1
321 1
257 2
440 1
289 1
222 2
135 2
485 2
427 1
42 1
324 2
488 2
206 1
160 2
143 2
253 2
284 2
163 1
82 1
269 1
473 1
211 1
93 1
236 2
39 2
176 2
71 1
54 2
352 2
196 1
31 2
42 1
68 1
340 2
249 1
122 1
315 1
327 2
198 2
189 2
37 2
110 2
48 2
292 2
485 2
253 1
127 2
162 1
472 1
472 2
45 2
316 2
153 1
243 1
80 1
45 1
191 2
499 2
486 1
442 2
112 1
123 2
192 2
84 1
290 2
180 2
415 1
245 2
57 1
65 1
289 2
279 1
314 2
356 1
6 1
21 2
139 1
222 1
67 2
56 2
316 2
207 1
387 1
351 2
336 1
56 1
497 1
215 1
454 2
423 2
44 2
392 2
276 2
431 2
451 2
406 1
84 1
261 1
109 2
350 1
337 1
444 2
462 2
186 1
395 1
142 1
460 2
196 1
472 2
289 2
427 1
275 1
396 1
479 2
349 2
72 2
110 1
118 1
94 2
335 2
388 2
308 1
198 2
116 1
143 1
300 2
234 1
346 2
489 2
388 2
227 2
91 2
437 1
393 2
159 1
386 2
226 1
486 1
321 1
184 1
477 2
361 1
393 1
348 1
138 1
248 1
286 1
94 2
107 2
13 2
3 1
108 2
133 1
95 2
14 1
440 2
362 1
295 2
116 2
87 2
89 2
480 2
351 1
278 1
180 2
419 1
131 2
80 1
409 2
287 1
117 1
5 1
457 1
158 2
199 1
381 2
124 2
163 1
206 1
418 1
184 1
478 1
166 2
390 1
250 2
107 1
250 1
42 1
159 1
131 2
326 1
162 1
192 2
73 1
415 1
66 1
347 1
218 1
86 2
242 1
428 1
62 1
493 1
295 1
136 1
321 2
264 2
100 2
281 2
182 2
234 1
354 2
472 2
96 2
217 1
117 1
146 1
320 2
242 1
17 2
220 1
68 1
170 1
253 2
383 2
123 2
234 1
227 1
28 2
31 2
44 1
306 2
381 2
209 1
244 1
307 2
87 1
105 1
320 1
149 1
190 1
187 2
376 1
172 1
291 1
103 1
367 1
414 2
345 2
22 2
172 1
41 2
308 1
91 2
342 2
430 2
433 2
131 1
472 1
454 1
469 1
53 2
178 1
51 2
486 1
478 2
14 1
176 2
32 2
382 1
252 1
250 1
45 1
405 1
490 1
451 2
310 2
83 2
249 1
447 1
256 1
458 2
414 1
442 1
71 2
262 1
185 2
108 1
230 1
320 2
214 2
286 2
29 1
291 1
43 1
106 1
110 1
36 1
331 2
154 1
45 1
408 2
362 1
49 2
160 2
181 1
83 2
156 2
348 2
5 2
341 1
343 1
437 1
450 2
419 2
165 2
274 2
495 2
392 1
124 1
279 2
458 2
123 2
111 2
221 1
176 2
43 1
18 1
201 1
132 2
108 2
145 2
81 1
56 2
500 2
1 1
230 1
278 2
12 1
438 1
73 2
220 2
473 1
35 2
30 1
440 2
23 1
37 2
64 2
353 2
37 1
