250 1000000
250
215 2
154 2
184 2
50 2
85 1
210 1
70 2
9 2
129 1
121 2
224 1
159 1
236 1
141 1
121 1
188 2
229 2
147 2
223 2
245 2
49 1
12 2
234 1
28 1
68 2
17 1
47 1
116 2
248 2
155 2
96 1
195 1
180 1
174 1
157 2
225 1
45 1
113 1
69 2
232 1
3 1
37 2
158 1
202 2
8 2
13 2
42 1
140 2
124 1
18 1
138 1
225 2
98 2
112 2
72 1
167 2
247 2
17 2
91 2
145 1
78 1
211 1
59 1
196 1
116 2
65 2
150 1
20 1
94 2
207 2
87 1
100 2
46 2
161 2
48 1
3 1
236 2
191 1
25 2
44 2
123 1
108 1
45 1
125 2
187 1
24 2
62 2
107 1
145 2
101 2
227 2
31 1
244 2
12 2
168 1
119 1
99 2
99 2
185 2
96 2
209 2
98 1
42 1
37 2
202 2
128 2
226 2
50 1
26 2
129 2
67 1
186 2
229 1
150 1
86 2
30 1
247 2
67 2
100 1
247 2
127 1
135 2
193 1
150 1
8 2
186 2
112 2
211 1
111 2
240 1
96 2
228 2
49 2
12 2
198 2
116 1
10 2
212 1
159 2
197 2
82 1
147 1
28 2
237 1
95 2
244 2
110 2
103 1
115 2
138 2
109 1
67 1
175 2
84 2
184 2
82 2
89 2
225 1
176 1
29 1
229 2
244 2
120 1
40 2
126 2
56 1
225 1
9 2
162 1
85 2
178 1
201 2
47 1
200 2
192 1
196 2
27 2
160 2
240 2
214 2
244 2
19 2
234 1
181 1
191 1
9 2
169 2
241 2
230 1
27 1
84 2
69 2
184 2
89 2
144 1
58 1
83 2
205 1
174 1
41 2
234 1
4 1
231 2
147 2
124 2
71 2
188 2
19 2
144 2
249 1
74 1
46 2
201 2
145 2
165 1
106 1
158 2
124 2
56 2
172 1
131 1
103 1
158 1
157 2
34 2
33 1
137 1
175 1
144 2
47 1
177 2
151 1
133 2
104 2
168 2
41 1
169 1
250 1
245 1
189 2
233 1
244 2
4 1
181 2
189 2
28 1
13 1
223 2
208 2
46 2
